0,0.03470971722933103,0.13465097564748213
1,0.060043081022974114,0.1363412236994587
2,0.08542180785042491,0.13803165398291292
3,0.11079651102684913,0.1397222519663631
4,0.13611788229621388,0.14141300349895614
5,0.16133764092949304,0.14310389434719148
6,0.18640942818463108,0.14479491028765176
7,0.21128960223664842,0.14648603710815572
8,0.2359378985990125,0.14817726060890724
9,0.26031793358522837,0.1498685666036406
10,0.28439754172766696,0.15155994092076155
11,0.3081489505403225,0.1532513694044839
12,0.3315488062612533,0.1549428379159615
13,0.3545780714834307,0.15663433233441534
14,0.3772218196963923,0.15832583855825552
15,0.39946895299526475,0.16001734250619765
16,0.42131186814362626,0.16170883011837378
17,0.44274609350130695,0.16340028735743764
18,0.4637699157315741,0.16509170020966327
19,0.484384011263522,0.1667830546860377
20,0.5045910936380469,0.1684743368233472
21,0.524395584392501,0.17016553268525622
22,0.5438033121920987,0.17185662836337984
23,0.5628212425467858,0.17354760997834878
24,0.5814572386428895,0.17523846368086685
25,0.5997198525104276,0.17692917565276095
26,0.6176181448607596,0.17861973210802323
27,0.6351615313818725,0.18031011929384502
28,0.6523596529913143,0.18200032349164252
29,0.6692222674506364,0.1836903310180741
30,0.6857591597829857,0.18538012822604905
31,0.70198006912815,0.1870697029437968
32,0.7178946293653067,0.18875903834191085
33,0.7335123225471678,0.19044812265483724
34,0.748842441810453,0.1921369423881309
35,0.7638940633232109,0.19382548408851608
36,0.7786760253767785,0.19551373434483882
37,0.7931969134874737,0.19720167978900918
38,0.8074650504613567,0.19888930709693417
39,0.8214884905285806,0.20057660298943936
40,0.8352750167889341,0.2022635542331813
41,0.8488321413281297,0.20395014764154823
42,0.8621671074665522,0.20563637007555124
43,0.8752868936900503,0.2073222084447038
44,0.8881982192382165,0.2090076591505811
45,0.9009075489626627,0.2106926912240749
46,0.9134211023185109,0.21237730027424648
47,0.9257448595447135,0.21406147340872764
48,0.9378845698396582,0.21574519778753565
49,0.9498457594281396,0.2174284606238795
50,0.04424415736499097,0.2647465624131106
51,0.0696022540665508,0.26638633128933015
52,0.09498716028269731,0.2680253240409733
53,0.12034939500159003,0.2696635294481785
54,0.1456399169303439,0.2713009391602114
55,0.17081105862599652,0.2729375415160853
56,0.19581738894069892,0.2745733265457291
57,0.22061646089971765,0.27620828486986254
58,0.24516941492862152,0.27784240581783237
59,0.26944142037431507,0.2794756796958919
60,0.2934019505666839,0.2811080966535421
61,0.3170248993459822,0.28273964691063186
62,0.34028855569823335,0.284370320757652
63,0.36317545935308665,0.2860001085560172
64,0.38567216315758845,0.28762900073833747
65,0.4077689283259613,0.28925698780867765
66,0.4294593769043446,0.2908840603428062
67,0.4507401226881565,0.2925102089884326
68,0.47161039804103655,0.2941354244654333
69,0.49207169011524066,0.2957596975660674
70,0.5121273962394998,0.29738301915518073
71,0.5317825049523044,0.2990053801703993
72,0.5510433064266749,0.3006267716223118
73,0.5699171338784369,0.3022471845946412
74,0.5884121359375261,0.3038666102444066
75,0.6065370788222347,0.30548503980207253
76,0.6243011761060666,0.30710245894204913
77,0.6417139454896897,0.3087188692957394
78,0.6587850857299014,0.31033425756112964
79,0.6755243767064647,0.3119486152528663
80,0.6919415960277832,0.3135619339591602
81,0.708046451397048,0.31517420534187035
82,0.7238485263030661,0.31678542113657865
83,0.7393572370723301,0.3183955731526541
84,0.7545817995193752,0.32000465289601804
85,0.76953120374505,0.32161265259751054
86,0.784214195595044,0.3232195643955008
87,0.798639263757246,0.3248253804017351
88,0.8128146314694701,0.32643009280239976
89,0.8267482519910119,0.32803369385813047
90,0.8404478071307394,0.32963617590401206
91,0.853920708231507,0.33123753134956946
92,0.8671740991072906,0.3328377526787493
93,0.8802148605123649,0.33443683244989336
94,0.8930496157926094,0.3360347632957018
95,0.9056847374291855,0.33763153792318956
96,0.9181263542356998,0.33922714911363255
97,0.9303803590128941,0.34082158972250615
98,0.9424524165009592,0.3424148526794155
99,0.9543479714997765,0.34400693098801693
100,0.05379054483647945,0.38677417415225035
101,0.07916630936853869,0.3883090048417859
102,0.10455024820356855,0.3898425331159001
103,0.12989292333787555,0.39137475427687807
104,0.15514569414194773,0.39290566247554354
105,0.18026163074311358,0.39443525508430727
106,0.20519633717109523,0.39596352605276647
107,0.22990864852177537,0.39749047303545815
108,0.2543611740978963,0.3990160895367999
109,0.27852067657251894,0.40054037183159646
110,0.3023582856687467,0.40206331595139366
111,0.3258495587722183,0.40358491739541175
112,0.34897440778416017,0.4051051721210296
113,0.37171691632787257,0.4066240760481132
114,0.39406507368675664,0.40814162515780184
115,0.41601045107086726,0.40965781549221386
116,0.43754784351888976,0.4111726431541498
117,0.4586748973011275,0.41268610430679187
118,0.4793917387837169,0.41419819517340095
119,0.49970061680841876,0.4157089120370103
120,0.5196055670549736,0.41721825124011713
121,0.53911210376594,0.4187262091843706
122,0.5582269417002721,0.42023278233025746
123,0.5769577492380037,0.421737967196786
124,0.5953129321330732,0.42324176036116634
125,0.6133014461411843,0.42474415359664464
126,0.6309326380885556,0.4262451523356593
127,0.6482161088666643,0.42774474931006873
128,0.6651616010227157,0.42924294131406276
129,0.6817789045337169,0.43073972519785303
130,0.6980777797829023,0.43223509786733844
131,0.7140678951952778,0.43372905628376945
132,0.7297587774338035,0.4352215974634103
133,0.7451597722745623,0.4367127184771997
134,0.760280014496033,0.43820241645040947
135,0.7751284053253586,0.43969068856230203
136,0.789713596177912,0.4411775320457865
137,0.8040439776026055,0.4426629441870731
138,0.8181276725032055,0.4441469223253259
139,0.8319725327574166,0.4456294619570984
140,0.8455861391431084,0.44711056536276833
141,0.8589758023698018,0.4485902255063753
142,0.872148567365502,0.4500684415636485
143,0.8851112178729061,0.4515452111428391
144,0.8978702825479992,0.45302053190352787
145,0.9104320417799016,0.45449440155627213
146,0.9228025350853764,0.4559668178622519
147,0.9349875688963821,0.45743777863291507
148,0.9469927245928128,0.45890728172962253
149,0.9588233666608057,0.46037532506329176
150,0.06334615370034681,0.49826284519645764
151,0.08873247283236882,0.49967255479447087
152,0.11410830144320265,0.5010808182920602
153,0.1394243814051041,0.5024876348572733
154,0.16463260402509697,0.5038930024151488
155,0.18968689519258747,0.5052969222780043
156,0.2145439946715403,0.5066993928243071
157,0.23916409793381882,0.5081004133556088
158,0.26351133845471675,0.5094999832084905
159,0.28755410360797434,0.5108981017531203
160,0.3112651888212045,0.5122947666091812
161,0.33462180584524504,0.5136899825516141
162,0.3576054636306608,0.5150837437380634
163,0.38020175246339377,0.5164760514515863
164,0.40240005236192833,0.5178669052359681
165,0.4241931938392424,0.5192563046682852
166,0.44557709208163265,0.5206442493585944
167,0.4665503731206327,0.522030738949624
168,0.4871140064692042,0.5234157731164659
169,0.5072709548762816,0.5247993515662687
170,0.5270258484388066,0.5261814740379324
171,0.5463846874347326,0.527562140301803
172,0.5653545759445209,0.5289413501593717
173,0.5839434865876405,0.5303191034429711
174,0.602160055451641,0.5316954000154753
175,0.620013405454215,0.5330702397700019
176,0.637512995869915,0.5344436226296126
177,0.6546684954950653,0.5358155485470179
178,0.6714896768493396,0.5371860175042819
179,0.687986328507483,0.5385550235993962
180,0.7041681852296829,0.5399225775629399
181,0.7200448686025153,0.541288674534741
182,0.7356258427322223,0.5426533145989031
183,0.7509203784042708,0.544016497866944
184,0.7659375259870698,0.5453782244775088
185,0.7806860953948557,0.5467384945960846
186,0.7951746419143488,0.5480973084147165
187,0.8094114568691373,0.5494546661517253
188,0.8234045622466535,0.5508105680514264
189,0.8371617085454904,0.5521650143838508
190,0.8506903752166902,0.553518005444467
191,0.8639977731728947,0.5548695415539053
192,0.8770908489254214,0.5562196230576822
193,0.8899762899829698,0.557568250325928
194,0.9026605312083087,0.5589154237531158
195,0.9151497618823449,0.5602611437577899
196,0.9274499332548666,0.561605410460309
197,0.9395667664714467,0.562948224272156
198,0.9515057606776129,0.564289586100723
199,0.9632722011606746,0.565629496467222
200,0.07290823328124421,0.5989944277052551
201,0.09829796538783997,0.6002813437703693
202,0.1236585648666266,0.6015668783735328
203,0.1489410890501366,0.6028510325034143
204,0.17409808823548364,0.6041338060639527
205,0.1990844562088815,0.6054152018711743
206,0.223858160899616,0.606695220176968
207,0.24838082809542297,0.6079738620220764
208,0.2726181612537326,0.6092511284617781
209,0.2965401953593791,0.6105270205656959
210,0.3201213937093122,0.6118015394176044
211,0.34334060539217726,0.6130746861152407
212,0.366180906897122,0.6143464617701164
213,0.3886293538805402,0.6156168675073299
214,0.41067666914339135,0.6168859050111348
215,0.43231689050181615,0.6181535737427192
216,0.4535470003723056,0.6194198765889929
217,0.4743665522825057,0.6206848141591897
218,0.4947773090568535,0.6219483876471612
219,0.5147829009351648,0.6232105982596209
220,0.5343885100637572,0.6244714472159693
221,0.5536005847385127,0.625730935748117
222,0.5724265847476474,0.6269890651003119
223,0.5908747576148782,0.628245836528967
224,0.608953944459692,0.6295012513024886
225,0.6266734134877282,0.6307553107011076
226,0.6440427187187453,0.6320080160167114
227,0.6610715813779755,0.6332593685526767
228,0.6777697913556452,0.6345093696237053
229,0.6941471262278018,0.6357580205556589
230,0.7102132854894337,0.6370053226853976
231,0.7259778378482298,0.638251277360619
232,0.7414501796425248,0.6394958859396981
233,0.7566395026649615,0.6407391497915288
234,0.7715547694876321,0.6419810637986096
235,0.7862046972937751,0.643221641170474
236,0.8005977434516527,0.6444608778393748
237,0.814742099180126,0.6456987752040034
238,0.8286456851367241,0.646935334672434
239,0.8423161503157057,0.6481705576619735
240,0.8557608733305592,0.6494044455990136
241,0.8689869655888551,0.6506369999188829
242,0.8820012759486465,0.6518682220657028
243,0.894810396514949,0.6530981134922423
244,0.9074206692936988,0.6543266756597751
245,0.9198381934703869,0.6555539100379385
246,0.9320688331225252,0.6567798181045926
247,0.9441182252103514,0.6580044013456817
248,0.9559917877196991,0.6592276612550965
249,0.9676947278556097,0.6604495993345374
250,0.08247401566778303,0.6899020668010758
251,0.10786001071352001,0.6910782562550648
252,0.13319830589922202,0.6922532068762014
253,0.15844040720588487,0.6934269202466655
254,0.1835396461245756,0.6945993979533135
255,0.20845198936680445,0.6957706415875793
256,0.2331367170656021,0.6969406512105312
257,0.25755694639194415,0.6981094310473748
258,0.28167998770205843,0.6992769815318702
259,0.305477538156523,0.7004433042647193
260,0.32892572338189013,0.7016084008503874
261,0.35200500825577485,0.7027722728970138
262,0.37470000145462135,0.7039349220163227
263,0.3969991800688684,0.705096349823535
264,0.41889455974379786,0.706256557937281
265,0.44038133326756146,0.7074155479795147
266,0.4614574969940963,0.7085733215754276
267,0.48212348055370036,0.7097298803533653
268,0.5023817914180906,0.7108852259268903
269,0.522236682360334,0.7120393599213403
270,0.5416938468232144,0.7131922840062327
271,0.5607601447645123,0.7143439998245126
272,0.5794433597013973,0.715494509022134
273,0.5977519862829648,0.716643813247981
274,0.6156950468035992,0.717791914153788
275,0.6332819344852032,0.7189388133940622
276,0.6505222810434599,0.7200845126260066
277,0.6674258459390927,0.7212290135094428
278,0.6840024247408267,0.7223723177067363
279,0.7002617741455658,0.723514426882721
280,0.7162135513772143,0.7246553427046254
281,0.731867265891924,0.7257950668419997
282,0.7472322415353693,0.726933600966643
283,0.7623175875139521,0.7280709467525316
284,0.7771321767482139,0.7292071058757491
285,0.7916846303681944,0.730342080014415
286,0.8059833072844172,0.7314758708486157
287,0.8200362979237035,0.7326084800603364
288,0.8338514213563205,0.7337399093333932
289,0.84743622478232,0.7348701542312067
290,0.8607979870400408,0.7359992276158713
291,0.8739437202886514,0.7371271259999357
292,0.8868801764822289,0.7382538510654285
293,0.8996138531988319,0.7393794044956268
294,0.9121510005582457,0.740503787974993
295,0.9244976286876802,0.7416270031891146
296,0.9366595155586029,0.7427490518246409
297,0.9486422150508763,0.7438699355692246
298,0.9604510651279625,0.7449896561114613
299,0.9720911960299687,0.7461082151408298
300,0.0920407233393431,0.7722739149496513
301,0.11741584292608459,0.7733537627987287
302,0.14272482187131982,0.7744325269023898
303,0.16791974458730607,0.7755102088759965
304,0.19295483997157323,0.7765868103347665
305,0.2177872454614113,0.7776623328937337
306,0.2423776290972007,0.7787367781677079
307,0.266690650424189,0.7798101463237811
308,0.2906952555326372,0.7808824414927723
309,0.31436481025556307,0.7819536641559339
310,0.3376770904136505,0.7830238159207459
311,0.3606141493057007,0.784092898394027
312,0.38316208895036363,0.785160913181898
313,0.4053107611850672,0.7862278618897478
314,0.42705342329213264,0.7872937461221969
315,0.4483863698300716,0.7883585674830643
316,0.4693085585985411,0.7894223275753319
317,0.48982124470320937,0.7904850280011121
318,0.5099276329057764,0.791546670361614
319,0.5296325550911303,0.7926072562571106
320,0.5489421768806999,0.793666787286907
321,0.5678637351985579,0.794725265049308
322,0.5864053069233952,0.7957826911415868
323,0.6045756075644364,0.7968390671111748
324,0.6223838181354102,0.7978943945951725
325,0.6398394378675328,0.7989486752011222
326,0.6569521602488212,0.8000019105243701
327,0.6737317697724782,0.8010541021592624
328,0.6901880568559305,0.802105251699118
329,0.7063307485376041,0.8031553607361964
330,0.7221694527476868,0.8042044308616709
331,0.7377136141617824,0.8052524636655989
332,0.7529724798649483,0.8062994607368934
333,0.7679550732670197,0.8073454236632966
334,0.7826701749113879,0.8083903540313512
335,0.7971263090044994,0.8094342534263732
336,0.8113317346604281,0.810477123432426
337,0.8252944410034834,0.8115189656322935
338,0.8390221454025001,0.8125597816074542
339,0.852522294224274,0.8135995729380551
340,0.8658020655919884,0.8146383412028869
341,0.8788683737189565,0.8156760879793586
342,0.891727874460156,0.8167128148434732
343,0.9043869717853591,0.8177485233698031
344,0.9168518249295825,0.8187832151314655
345,0.9291283556352594,0.819816885471037
346,0.9412222575764777,0.8208495474029959
347,0.9531390023339448,0.8218811971735491
348,0.9648838489692964,0.822911836343244
349,0.9764618518735175,0.8239414664708906
350,0.10160557686860969,0.8473720442917722
351,0.12696271418978772,0.8483690789880118
352,0.15223544713659012,0.8493651716547438
353,0.17737656397158882,0.8503603237334125
354,0.20234130077883483,0.8513545366635867
355,0.2270880552559792,0.8523478118829466
356,0.2515789497276485,0.8533401508272691
357,0.275780229453224,0.8543315549304142
358,0.299662495318454,0.8553220256243123
359,0.3232007810053368,0.8563115627251532
360,0.34637449451325125,0.8573001705287451
361,0.3691672452057721,0.8582878491540947
362,0.3915665861787875,0.8592746000207159
363,0.41356369520281616,0.8602604245459602
364,0.4351530189305445,0.861245324145007
365,0.45633190053255235,0.8622293002308524
366,0.47710020720030794,0.8632123542142982
367,0.4974599700221915,0.8641944875039415
368,0.5174150450957239,0.8651757015061654
369,0.536970801583759,0.866155997625128
370,0.5561338398380491,0.8671353772627525
371,0.5749117407037226,0.8681138418187185
372,0.59331284563549,0.8690913926904514
373,0.6113460662267063,0.8700680312731147
374,0.6290207210923318,0.8710437589595985
375,0.6463463976748341,0.872018577140513
376,0.6633328363851076,0.872992487204179
377,0.679989834485243,0.8739654905188842
378,0.6963271672658371,0.8749375889012581
379,0.7123545239122985,0.8759087823960856
380,0.7280814567594001,0.8768790737749045
381,0.7435173406400853,0.8778484639530671
382,0.758671342038054,0.8788169543072065
383,0.773552395713588,0.8797845462117324
384,0.7881691878009013,0.8807512410388241
385,0.8025301442286421,0.8817170401584213
386,0.8166434235159639,0.8826819449382178
387,0.8305169131383697,0.883645956743653
388,0.8441582287817271,0.8846090769379041
389,0.8575747159106965,0.8855713068818797
390,0.8707734531707829,0.8865326479342118
391,0.883761257222886,0.8874931014512495
392,0.8965446886771231,0.8884526687870509
393,0.9091300588503365,0.8894113512933779
394,0.9215234371204024,0.8903691503196883
395,0.9337306586914941,0.8913260672131303
396,0.9457573326189049,0.8922821033185352
397,0.9576088499708745,0.8932372599784116
398,0.9692903920289381,0.8941915385329406
399,0.9808069384483497,0.8951449403199668
