0,-0.0,0.0
1,0.009185036035036431,0.00047547130247141374
2,0.018319919574298033,0.0009507785711943401
3,0.02740621211405796,0.0014259218892044543
4,0.03644547515058935,0.001900901339537432
5,0.045439270180165366,0.0023757170052289486
6,0.05438915869905916,0.0028503689693146787
7,0.06329670220354387,0.0033248573148302986
8,0.07216346218989265,0.003799182124811483
9,0.08099100015437867,0.004273343482293907
10,0.08978087759327504,0.004747341470313248
11,0.09853465600285498,0.005221176171905177
12,0.10725389687939155,0.005694847670105373
13,0.11594016171915793,0.006168356047949511
14,0.12459501201842733,0.006641701388473266
15,0.13322000927347286,0.007114883774712312
16,0.1418167149805676,0.007587903289702327
17,0.1503866906359848,0.008060760016478983
18,0.1589314977359976,0.008533454038077959
19,0.16745269777687913,0.009005985437534928
20,0.1759518522549025,0.009478354297885565
21,0.1844305226663409,0.009950560702165545
22,0.19289027050746752,0.010422604733410546
23,0.20133265727455543,0.010894486474656243
24,0.2097592444638778,0.011366206008938309
25,0.21817159357170784,0.01183776341929242
26,0.2265712660943186,0.01230915878875425
27,0.2349598235279834,0.012780392200359479
28,0.24333882736897516,0.01325146373714378
29,0.2517098391135672,0.013722373482142823
30,0.2600744202580327,0.014193121518392294
31,0.26843413229864466,0.01466370792892786
32,0.27679053673167625,0.0151341327967852
33,0.2851451950534007,0.015604396204999987
34,0.2934996687600911,0.016074498236607896
35,0.30185551934802074,0.016544438974644606
36,0.3102143083134626,0.01701421850214579
37,0.31857759715268985,0.017483836902147127
38,0.32694694736197577,0.017953294257684285
39,0.3353239204375934,0.018422590651792945
40,0.3437100778758158,0.018891726167508782
41,0.35210698117291633,0.019360700887867465
42,0.36051619182516803,0.019829514895904673
43,0.368939271328844,0.020298168274656088
44,0.3773777811802176,0.02076666110715738
45,0.38583328287556173,0.02123499347644422
46,0.3943073379111497,0.02170316546555229
47,0.4028015077832545,0.022171177157517267
48,0.4113173539881495,0.022639028635374817
49,0.41985643802210765,0.023106719982160625
50,0.42842032138140224,0.02357425128091036
51,0.4370105655623064,0.024041622614659693
52,0.4456287320610931,0.024508834066444312
53,0.45427638237403584,0.02497588571929989
54,0.4629550779974075,0.025442777656262093
55,0.47166638042748116,0.025909509960366603
56,0.48041185116053026,0.026376082714649095
57,0.4891930516928278,0.026842496002145243
58,0.4980115435206468,0.027308749905890717
59,0.5068688881402607,0.027774844508921204
60,0.5157666470479424,0.028240779894272372
61,0.5247063817399651,0.028706556144979897
62,0.533689653712602,0.02917217334407946
63,0.5427180244621262,0.029637631574606728
64,0.5517930554848111,0.03010293091959738
65,0.5609163082769294,0.030568071462087093
66,0.5700893443347546,0.03103305328511154
67,0.5793137251545597,0.03149787647170639
68,0.5885910122326179,0.03196254110490733
69,0.5979227670652024,0.03242704726775003
70,0.6073105511485862,0.03289139504327017
71,0.6167559259790427,0.03335558451450342
72,0.6262604530528447,0.03381961576448545
73,0.6358256938662658,0.034283488876251954
74,0.6454532099155786,0.03474720393283858
75,0.6551445626970568,0.03521076101728103
76,0.6649013137069731,0.035674160212614964
77,0.6747250244416009,0.03613740160187606
78,0.6846172563972134,0.0366004852681
79,0.6945795710700833,0.03706341129432245
80,0.7046135299564844,0.03752617976357909
81,0.7147206945526896,0.037988790758905586
82,0.7249026263549717,0.03845124436333763
83,0.7351608868596045,0.038913540659910886
84,0.7454970375628606,0.03937567973166104
85,0.7559126399610131,0.03983766166162375
86,0.7664092555503358,0.04029948653283471
87,0.7769884458271012,0.04076115442832959
88,0.787651772287583,0.04122266543114406
89,0.798400796428054,0.04168401962431379
90,0.8092370797447872,0.042145217090874466
91,0.8201621837340561,0.04260625791386176
92,0.8311776698921334,0.04306714217631134
93,0.8422850997152929,0.0435278699612589
94,0.8534860346998071,0.043988441351740105
95,0.8647820363419497,0.04444885643079062
96,0.8761746661379933,0.04490911528144614
97,0.8876654855842118,0.045369217986742316
98,0.8992560561768774,0.04582916462971485
99,0.9109479394122639,0.046288955293399395
100,0.0036104435935635525,0.06976582845793099
101,0.012775612782092638,0.07021754463587807
102,0.02189124223265395,0.0706691092781435
103,0.030958893441520644,0.07112052246776294
104,0.03998012790496587,0.07157178428777211
105,0.04895650711926277,0.07202289482120665
106,0.05788959258068451,0.07247385415110223
107,0.06678094578550423,0.07292466236049454
108,0.07563212822999509,0.07337531953241926
109,0.0844447014104302,0.07382582574991206
110,0.09322022682308277,0.07427618109600859
111,0.10196026596422593,0.07472638565374458
112,0.11066638033013282,0.07517643950615566
113,0.11934013141707654,0.07562634273627751
114,0.12798308072133036,0.07607609542714583
115,0.13659678973916733,0.07652569766179629
116,0.14518281996686064,0.07697514952326454
117,0.15374273290068347,0.07742445109458627
118,0.16227809003690885,0.07787360245879717
119,0.1707904528718101,0.07832260369893289
120,0.17928138290166024,0.07877145489802911
121,0.18775244162273247,0.07922015613912153
122,0.19620519053129995,0.0796687075052458
123,0.20464119112363582,0.0801171090794376
124,0.2130620048960132,0.0805653609447326
125,0.2214691933447053,0.0810134631841665
126,0.2298643179659852,0.08146141588077495
127,0.2382489402561261,0.08190921911759363
128,0.2466246217114012,0.08235687297765824
129,0.2549929238280835,0.08280437754400442
130,0.2633554081024463,0.08325173289966786
131,0.2717136360307626,0.08369893912768424
132,0.28006916910930574,0.08414599631108924
133,0.28842356883434866,0.08459290453291851
134,0.29677839670216466,0.08503966387620776
135,0.3051352142090269,0.08548627442399263
136,0.3134955828512085,0.08593273625930883
137,0.3218610641249825,0.08637904946519202
138,0.3302332195266222,0.08682521412467785
139,0.3386136105524007,0.08727123032080203
140,0.34700379869859105,0.08771709813660022
141,0.35540534546146657,0.08816281765510811
142,0.3638198123373004,0.08860838895936134
143,0.3722487608223655,0.08905381213239563
144,0.38069375241293524,0.08949908725724665
145,0.3891563486052826,0.08994421441695005
146,0.39763811089568085,0.0903891936945415
147,0.40614060078040304,0.0908340251730567
148,0.4146653797557223,0.09127870893553132
149,0.42321400931791203,0.09172324506500103
150,0.4317880509632451,0.09216763364450152
151,0.4403890661879948,0.09261187475706842
152,0.4490186164884342,0.09305596848573745
153,0.4576782633608366,0.09349991491354429
154,0.46636956830147497,0.09394371412352459
155,0.4750940928066225,0.09438736619871403
156,0.4838533983725524,0.0948308712221483
157,0.49264904649553787,0.09527422927686306
158,0.501482598671852,0.09571744044589398
159,0.5103556163977677,0.09616050481227677
160,0.5192696611695585,0.09660342245904704
161,0.5282262944834974,0.09704619346924055
162,0.5372270778358575,0.09748881792589291
163,0.5462735727229121,0.09793129591203982
164,0.5553673406409343,0.09837362751071696
165,0.5645099430861971,0.09881581280495998
166,0.5737029415549737,0.09925785187780457
167,0.5829478975435373,0.09969974481228643
168,0.5922463725481611,0.1001414916914412
169,0.6015999280651183,0.10058309259830456
170,0.6110101255906817,0.10102454761591222
171,0.6204785266211248,0.10146585682729982
172,0.6300066926527207,0.10190702031550303
173,0.6395961851817427,0.10234803816355757
174,0.6492485657044635,0.10278891045449906
175,0.6589653957171565,0.10322963727136321
176,0.668748236716095,0.10367021869718569
177,0.6785986501975517,0.10411065481500216
178,0.6885181976578003,0.10455094570784831
179,0.6985084405931137,0.10499109145875982
180,0.7085709404997651,0.10543109215077234
181,0.7187072588740275,0.10587094786692158
182,0.7289189572121741,0.1063106586902432
183,0.7392075970104781,0.10675022470377284
184,0.7495747397652126,0.10718964599054624
185,0.7600219469726511,0.10762892263359904
186,0.7705507801290662,0.10806805471596694
187,0.7811628007307315,0.10850704232068556
188,0.79185957027392,0.10894588553079064
189,0.8026426502549046,0.10938458442931781
190,0.8135136021699586,0.10982313909930276
191,0.8244739875153554,0.11026154962378117
192,0.8355253677873677,0.11069981608578872
193,0.8466693044822692,0.11113793856836106
194,0.8579073590963328,0.1115759171545339
195,0.8692410931258312,0.11201375192734289
196,0.8806720680670381,0.11245144296982369
197,0.8922018454162267,0.11288899036501203
198,0.9038319866696699,0.11332639419594355
199,0.9155640533236409,0.11376365454565392
200,0.007213018048572633,0.13609679676470637
201,0.01635856084722342,0.13652663895745934
202,0.02545517666571349,0.1369563421125975
203,0.03450442700031601,0.13738590631315648
204,0.04350787334730411,0.13781533164217202
205,0.05246707720295094,0.1382446181826798
206,0.06138360006352967,0.13867376601771544
207,0.07025900342531344,0.13910277523031467
208,0.0790948487845754,0.13953164590351314
209,0.0878926976375887,0.1399603781203465
210,0.0966541114806265,0.14038897196385047
211,0.10538065180996192,0.14081742751706072
212,0.11407388012186816,0.1412457448630129
213,0.1227353579126183,0.1416739240847427
214,0.13136664667848555,0.14210196526528576
215,0.13996930791574308,0.14252986848767785
216,0.14854490312066398,0.14295763383495455
217,0.15709499378952138,0.14338526139015156
218,0.1656211414185885,0.14381275123630458
219,0.1741249075041385,0.14424010345644928
220,0.18260785354244446,0.1446673181336213
221,0.19107154102977958,0.14509439535085633
222,0.199517531462417,0.1455213351911901
223,0.2079473863366298,0.14594813773765822
224,0.21636266714869126,0.14637480307329637
225,0.22476493539487444,0.14680133128114028
226,0.2331557525714525,0.14722772244422558
227,0.24153668017469865,0.1476539766455879
228,0.24990927970088597,0.14808009396826305
229,0.2582751126462876,0.14850607449528658
230,0.26663574050717687,0.1489319183096942
231,0.2749927247798266,0.1493576254945216
232,0.28334762696051025,0.14978319613280447
233,0.29170200854550077,0.15020863030757844
234,0.30005743103107146,0.15063392810187923
235,0.3084154559134953,0.1510590895987425
236,0.3167776446890456,0.15148411488120392
237,0.3251455588539956,0.15190900403229912
238,0.33352075990461805,0.15233375713506386
239,0.3419048093371865,0.15275837427253378
240,0.35029926864797384,0.15318285552774455
241,0.35870569933325336,0.15360720098373185
242,0.36712566288929827,0.15403141072353133
243,0.3755607208123815,0.1544554848301787
244,0.38401243459877643,0.15487942338670962
245,0.3924823657447561,0.1553032264761598
246,0.4009720757465937,0.15572689418156485
247,0.40948312610056226,0.15615042658596048
248,0.41801707830293505,0.15657382377238238
249,0.4265754938499852,0.15699708582386618
250,0.43515993423798593,0.15742021282344762
251,0.4437719609632102,0.15784320485416234
252,0.45241313552193135,0.158266061999046
253,0.46108501941042246,0.15868878434113431
254,0.4697891741249565,0.15911137196346292
255,0.478527161161807,0.1595338249490675
256,0.4873005420172469,0.15995614338098377
257,0.4961108781875492,0.16037832734224736
258,0.5049597311689873,0.16080037691589394
259,0.5138486624578342,0.1612222921849592
260,0.5227792335503632,0.16164407323247884
261,0.5317530059428474,0.1620657201414885
262,0.5407715411315598,0.16248723299502388
263,0.5498364006127736,0.16290861187612066
264,0.558949145882762,0.16332985686781448
265,0.5681113384377983,0.16375096805314102
266,0.5773245397741554,0.164171945515136
267,0.5865903113881066,0.16459278933683508
268,0.595910214775925,0.16501349960127387
269,0.6052858114338837,0.16543407639148813
270,0.614718662858256,0.16585451979051352
271,0.6242103305453149,0.16627482988138567
272,0.6337623759913337,0.16669500674714027
273,0.6433763606925855,0.16711505047081304
274,0.6530538461453432,0.16753496113543961
275,0.6627963938458803,0.16795473882405568
276,0.6726055652904698,0.1683743836196969
277,0.682482921975385,0.16879389560539895
278,0.6924300253968987,0.16921327486419754
279,0.7024484370512843,0.1696325214791283
280,0.7125397184348148,0.17005163553322694
281,0.7227054310437636,0.17047061710952913
282,0.7329471363744037,0.17088946629107052
283,0.7432663959230084,0.1713081831608868
284,0.7536647711858504,0.17172676780201365
285,0.7641438236592035,0.17214522029748675
286,0.7747051148393403,0.17256354073034175
287,0.7853502062225342,0.17298172918361437
288,0.7960806593050584,0.1733997857403403
289,0.806898035583186,0.1738177104835551
290,0.8178038965531899,0.17423550349629455
291,0.8287998037113437,0.17465316486159427
292,0.8398873185539202,0.17507069466248998
293,0.8510680025771925,0.1754880929820173
294,0.862343417277434,0.175905359903212
295,0.8737151241509179,0.17632249550910967
296,0.8851846846939172,0.176739499882746
297,0.8967536604027049,0.1771563731071567
298,0.9084236127735545,0.1775731152653774
299,0.9201961033027388,0.1779897264404438
300,0.010807817724315345,0.19927604352291492
301,0.019933974589716876,0.19968589286980395
302,0.029011817232764758,0.20009561567714504
303,0.03804290714973213,0.2005052120279738
304,0.04702880583689216,0.20091468200532597
305,0.05597107479051798,0.20132402569223715
306,0.06487127550688275,0.2017332431717431
307,0.07373096948225961,0.20214233452687944
308,0.08255171821292175,0.20255129984068185
309,0.09133508319514223,0.20296013919618602
310,0.10008262592519432,0.20336885267642762
311,0.10879590789935109,0.20377744036444234
312,0.11747649061388571,0.2041859023432658
313,0.1261259355650713,0.20459423869593377
314,0.13474580424918106,0.20500244950548185
315,0.14333765816248817,0.20541053485494573
316,0.15190305880126562,0.2058184948273611
317,0.16044356766178675,0.2062263295057636
318,0.16896074624032462,0.20663403897318897
319,0.17745615603315237,0.20704162331267284
320,0.18593135853654322,0.2074490826072509
321,0.19438791524677024,0.2078564169399588
322,0.2028273876601066,0.20826362639383222
323,0.21125133727282552,0.20867071105190688
324,0.21966132558120002,0.2090776709972184
325,0.22805891408150336,0.2094845063128025
326,0.23644566427000863,0.2098912170816949
327,0.24482313764298902,0.21029780338693116
328,0.2531928956967177,0.21070426531154698
329,0.26155649992746777,0.21111060293857808
330,0.26991551183151236,0.2115168163510601
331,0.27827149290512465,0.21192290563202876
332,0.2866260046445779,0.21232887086451968
333,0.294980608546145,0.21273471213156858
334,0.30333686610609933,0.21314042951621112
335,0.311696338820714,0.21354602310148296
336,0.32006058818626204,0.21395149297041974
337,0.32843117569901686,0.21435683920605725
338,0.3368096628552513,0.2147620618914311
339,0.3451976111512386,0.21516716110957698
340,0.35359658208325206,0.21557213694353053
341,0.3620081371475647,0.21597698947632743
342,0.37043383784044964,0.21638171879100337
343,0.3788752456581802,0.21678632497059405
344,0.3873339220970294,0.2171908080981351
345,0.39581142865327035,0.21759516825666225
346,0.4043093268231763,0.21799940552921113
347,0.41282917810302033,0.2184035199988174
348,0.42137254398907553,0.2188075117485168
349,0.42994098597761526,0.21921138086134495
350,0.4385360655649126,0.21961512742033756
351,0.4471593442472405,0.22001875150853026
352,0.4558123835208724,0.22042225320895878
353,0.46449674488208137,0.22082563260465876
354,0.4732139898271403,0.2212288897786659
355,0.48196567985232264,0.22163202481401587
356,0.49075337645390144,0.22203503779374428
357,0.4995786411281498,0.2224379288008869
358,0.5084430353713411,0.22284069791847938
359,0.5173481206797481,0.22324334522955736
360,0.5262954585496443,0.22364587081715656
361,0.5352866104773026,0.2240482747643126
362,0.5443231379589963,0.2244505571540612
363,0.5534066024909987,0.22485271806943802
364,0.5625385655695825,0.22525475759347874
365,0.5717205886910212,0.22565667580921905
366,0.5809542333515879,0.2260584727996946
367,0.5902410610475558,0.2264601486479411
368,0.5995826332751978,0.22686170343699413
369,0.6089805115307874,0.2272631372498895
370,0.6184362573105974,0.2276644501696628
371,0.6279514321109012,0.22806564227934972
372,0.6375275974279717,0.22846671366198595
373,0.6471663147580826,0.22886766440060718
374,0.6568691455975063,0.22926849457824902
375,0.6666376514425165,0.22966920427794724
376,0.6764733937893862,0.2300697935827374
377,0.6863779341343884,0.23047026257565528
378,0.6963528339737963,0.2308706113397365
379,0.7063996548038832,0.23127083995801676
380,0.7165199581209223,0.23167094851353168
381,0.7267153054211865,0.23207093708931703
382,0.7369872582009491,0.23247080576840842
383,0.7473373779564833,0.23287055463384154
384,0.7577672261840618,0.23327018376865205
385,0.7682783643799586,0.23366969325587567
386,0.7788723540404461,0.23406908317854805
387,0.7895507566617979,0.23446835361970483
388,0.8003151337402868,0.23486750466238174
389,0.8111670467721863,0.23526653638961442
390,0.8221080572537693,0.23566544888443858
391,0.8331397266813088,0.23606424222988984
392,0.8442636165510785,0.2364629165090039
393,0.855481288359351,0.23686147180481645
394,0.8667943036023998,0.23725990820036316
395,0.8782042237764979,0.23765822577867976
396,0.8897126103779184,0.23805642462280183
397,0.9013210249029344,0.23845450481576508
398,0.9130310288478195,0.23885246644060518
399,0.9248441837088464,0.23925030958035784
400,0.014394936980079787,0.2595867073351454
401,0.023501948368861117,0.2599784449755007
402,0.03256125829309585,0.26037006857437495
403,0.04157442824905714,0.26076157821480367
404,0.05054301973301813,0.2611529739798226
405,0.05946859424125198,0.2615442559524675
406,0.06835271327003184,0.2619354242157739
407,0.07719693831563086,0.2623264788527776
408,0.08600283087432217,0.26271741994651415
409,0.09477195244237895,0.2631082475800194
410,0.10350586451607434,0.2634989618363288
411,0.11220612859168148,0.2638895627984782
412,0.12087430616547352,0.2642800505495032
413,0.12951195873372362,0.2646704251724395
414,0.13812064779270494,0.2650606867503228
415,0.14670193483869062,0.2654508353661887
416,0.15525738136795383,0.265840871103073
417,0.16378854887676764,0.2662307940440112
418,0.1722969988614053,0.2666206042720391
419,0.18078429281813996,0.26701030187019237
420,0.18925199224324465,0.2673998869215066
421,0.19770165863299263,0.2677893595090176
422,0.2061348534836571,0.26817871971576096
423,0.21455313829151101,0.26856796762477236
424,0.22295807455282768,0.26895710331908745
425,0.2313512237638802,0.269346126881742
426,0.23973414742094173,0.26973503839577156
427,0.24810840702028553,0.2701238379442119
428,0.2564755640581845,0.2705125256100987
429,0.264837180030912,0.27090110147646757
430,0.2731948164347411,0.2712895656263542
431,0.2815500347659449,0.2716779181427943
432,0.28990439652079675,0.27206615910882354
433,0.29825946319556956,0.27245428860747756
434,0.3066167962865366,0.27284230672179205
435,0.3149779572899711,0.2732302135348027
436,0.3233445077021459,0.2736180091295452
437,0.3317180090193346,0.27400569358905513
438,0.34010002273781004,0.2743932669963683
439,0.3484921103538455,0.27478072943452025
440,0.35689583336371394,0.2751680809865468
441,0.36531275326368867,0.2755553217354836
442,0.3737444315500429,0.2759424517643662
443,0.3821924297190496,0.2763294711562304
444,0.3906583092669822,0.2767163799941118
445,0.3991436316901135,0.27710317836104614
446,0.4076499584847168,0.27748986634006906
447,0.4161788511470653,0.2778764440142162
448,0.4247318711734322,0.27826291146652327
449,0.4333105800600905,0.278649268780026
450,0.44191653930331337,0.27903551603775995
451,0.4505513103993741,0.27942165332276087
452,0.45921645484454565,0.27980768071806444
453,0.46791353413510145,0.2801935983067063
454,0.4766441097673144,0.28057940617172217
455,0.4854097432374576,0.2809651043961477
456,0.49421199604180444,0.2813506930630186
457,0.503052429676628,0.28173617225537045
458,0.5119326056382012,0.28212154205623896
459,0.5208540854227974,0.28250680254865984
460,0.5298184305266899,0.28289195381566884
461,0.5388272024461517,0.2832769959403015
462,0.5478819626774556,0.2836619290055935
463,0.5569842727168753,0.28404675309458066
464,0.5661356940606838,0.2844314682902985
465,0.5753377882051539,0.28481607467578274
466,0.5845921166465592,0.2852005723340691
467,0.5939002408811727,0.28558496134819317
468,0.6032637224052675,0.28596924180119077
469,0.6126841227151166,0.2863534137760974
470,0.6221630033069936,0.28673747735594884
471,0.6317019256771713,0.2871214326237807
472,0.6413024513219229,0.2875052796626288
473,0.6509661417375217,0.2878890185555287
474,0.6606945584202405,0.28827264938551606
475,0.6704892628663529,0.28865617223562656
476,0.6803518165721315,0.28903958718889594
477,0.69028378103385,0.2894228943283598
478,0.7002867177477813,0.28980609373705385
479,0.7103621882101987,0.2901891854980138
480,0.7205117539173751,0.2905721696942753
481,0.7307369763655838,0.290955046408874
482,0.7410394170510978,0.2913378157248456
483,0.7514206374701904,0.29172047772522575
484,0.7618821991191348,0.2921030324930502
485,0.7724256634942043,0.2924854801113545
486,0.7830525920916716,0.2928678206631744
487,0.79376454640781,0.2932500542315456
488,0.804563087938893,0.29363218089950377
489,0.8154497781811932,0.2940142007500845
490,0.8264261786309843,0.2943961138663235
491,0.8374938507845391,0.2947779203312566
492,0.8486543561381307,0.29515962022791925
493,0.8599092561880324,0.2955412136393472
494,0.8712601124305173,0.29592270064857623
495,0.8827084863618587,0.29630408133864183
496,0.8942559394783297,0.2966853557925799
497,0.9059040332762033,0.29706652409342593
498,0.9176543292517527,0.29744758632421564
499,0.9295083889012511,0.29782854256798474
500,0.017974470175154064,0.3173119268039865
501,0.027062576543944235,0.3176874338771384
502,0.03610359420599487,0.31806283940687596
503,0.045099084657579114,0.3184381434762349
504,0.054050609394970126,0.31881334616825086
505,0.06295972991444106,0.31918844756595954
506,0.07182800771226505,0.31956344775239676
507,0.08065700428471526,0.3199383468105979
508,0.08944828112806481,0.3203131448235989
509,0.0982033997385869,0.3206878418744353
510,0.10692392161255465,0.3210624380461428
511,0.11561140824624125,0.32143693342175705
512,0.12426742113591976,0.32181132808431384
513,0.1328935217778634,0.3221856221168487
514,0.14149127166834535,0.3225598156023974
515,0.1500622323036387,0.32293390862399557
516,0.15860796518001657,0.32330790126467884
517,0.16713003179375222,0.32368179360748306
518,0.1756299936411187,0.32405558573544374
519,0.18410941221838922,0.3244292777315966
520,0.19256984902183688,0.32480286967897726
521,0.2010128655477349,0.3251763616606216
522,0.20944002329235636,0.325549753759565
523,0.21785288375197445,0.32592304605884337
524,0.2262530084228623,0.32629623864149226
525,0.23464195880129304,0.3266693315905474
526,0.24302129638353992,0.3270423249890445
527,0.251392582665876,0.3274152189200192
528,0.2597573791445745,0.32778801346650704
529,0.2681172473159084,0.3281607087115439
530,0.27647374867615104,0.3285333047381654
531,0.2848284447215755,0.32890580162940714
532,0.29318289694845495,0.32927819946830483
533,0.30153866685306246,0.3296504983378942
534,0.3098973159316713,0.3300226983212109
535,0.3182604056805545,0.3303947995012905
536,0.32662949759598536,0.3307668019611689
537,0.33500615317423693,0.33113870578388155
538,0.3433919339115824,0.33151051105246426
539,0.35178840130429484,0.33188221784995264
540,0.3601971168486474,0.33225382625938243
541,0.36861964204091335,0.3326253363637892
542,0.37705753837736583,0.3329967482462087
543,0.38551236735427785,0.33336806198967656
544,0.3939856904679227,0.33373927767722855
545,0.4024790692145735,0.3341103953919003
546,0.41099406509050335,0.3344814152167274
547,0.4195322395919854,0.3348523372347456
548,0.42809515421529276,0.3352231615289907
549,0.4366843704566987,0.3355938881824981
550,0.44530144981247627,0.3359645172783037
551,0.4539479537788988,0.336335048899443
552,0.46262544385223925,0.3367054831289519
553,0.4713354815287709,0.3370758200498658
554,0.4800796283047667,0.33744605974522063
555,0.4888594456765,0.3378162022980519
556,0.4976764951402438,0.3381862477913954
557,0.5065323381922714,0.33855619630828676
558,0.515428536328856,0.33892604793176156
559,0.5243666510462703,0.3392958027448556
560,0.5333482438407882,0.33966546083060456
561,0.5423748762086822,0.3400350222720441
562,0.5514481096462256,0.3404044871522097
563,0.5605695056496918,0.3407738555541373
564,0.5697406257153538,0.3411431275608625
565,0.5789630313394846,0.34151230325542087
566,0.5882382840183575,0.3418813827208482
567,0.5975679452482456,0.3422503660401802
568,0.606953576525422,0.34261925329645243
569,0.6163967393461602,0.3429880445727006
570,0.625898995206733,0.3433567399519604
571,0.6354619056034135,0.3437253395172675
572,0.6450870320324752,0.3440938433516576
573,0.6547759359901909,0.34446225153816634
574,0.664530178972834,0.34483056415982943
575,0.6743513224766774,0.3451987812996825
576,0.6842409279979944,0.3455669030407612
577,0.6942005570330582,0.3459349294661013
578,0.7042317710781418,0.34630286065873844
579,0.7143361316295183,0.3466706967017083
580,0.7245152001834613,0.34703843767804654
581,0.7347705382362435,0.34740608367078885
582,0.7451037072841382,0.34777363476297085
583,0.7555162688234185,0.34814109103762825
584,0.7660097843503576,0.3485084525777968
585,0.7765858153612287,0.348875719466512
586,0.7872459233523047,0.34924289178680973
587,0.7979916698198593,0.3496099696217255
588,0.8088246162601651,0.3499769530542951
589,0.8197463241694956,0.35034384216755415
590,0.8307583550441234,0.35071063704453836
591,0.8418622703803224,0.3510773377682833
592,0.853059631674365,0.3514439444218248
593,0.864352000422525,0.3518104570881984
594,0.8757409381210752,0.35217687585043994
595,0.887228006266289,0.35254320079158485
596,0.8988147663544394,0.35290943199466906
597,0.9105027798817993,0.35327556954272804
598,0.9222936083446421,0.3536416135187976
599,0.9341888132392412,0.3540075640059134
600,0.021546511668826273,0.37273484053202705
601,0.030615953474254328,0.3730959981773056
602,0.03963891933074991,0.3734570667772368
603,0.04861697073458617,0.3738180464148561
604,0.05755166918203623,0.37417893717319933
605,0.06644457616937328,0.37453973913530214
606,0.07529725319287045,0.37490045238420017
607,0.0841112617488009,0.37526107700292916
608,0.09288816333343777,0.3756216130745247
609,0.1016295194430542,0.3759820606820225
610,0.11033689157392337,0.37634241990845824
611,0.11901184122231846,0.37670269083686764
612,0.1276559298845125,0.3770628735502864
613,0.13627071905677873,0.37742296813175
614,0.1448577702353903,0.37778297466429434
615,0.15341864491662038,0.37814289323095496
616,0.16195490459674206,0.3785027239147676
617,0.17046811077202845,0.3788624667987679
618,0.17895982493875284,0.37922212196599153
619,0.18743160859318833,0.3795816894994742
620,0.19588502323160797,0.3799411694822516
621,0.20432163035028503,0.38030056199735934
622,0.21274299144549266,0.3806598671278331
623,0.22115066801350391,0.38101908495670866
624,0.229546221550592,0.38137821556702156
625,0.23793121355303004,0.38173725904180755
626,0.24630720551709123,0.38209621546410233
627,0.25467575893904876,0.38245508491694147
628,0.2630384353151757,0.3828138674833607
629,0.2713967961417451,0.3831725632463958
630,0.2797524029150304,0.3835311722890823
631,0.2881068171313044,0.38388969469445594
632,0.29646160028684054,0.38424813054555235
633,0.30481831387791186,0.38460647992540725
634,0.31317851940079156,0.38496474291705635
635,0.3215437783517526,0.38532291960353526
636,0.32991565222706837,0.38568101006787964
637,0.33829570252301194,0.3860390143931252
638,0.3466854907358564,0.3863969326623077
639,0.355086578361875,0.3867547649584626
640,0.3635005268973408,0.38711251136462577
641,0.3719288978385269,0.3874701719638328
642,0.38037325268170663,0.38782774683911947
643,0.38883515292315307,0.3881852360735213
644,0.3973161600591393,0.38854263975007397
645,0.40581783558593854,0.3888999579518133
646,0.4143417409998239,0.38925719076177495
647,0.42288943779706845,0.38961433826299446
648,0.43146248747394556,0.3899714005385076
649,0.4400624515267282,0.39032837767135
650,0.4486908914516895,0.39068526974455736
651,0.45734936874510285,0.3910420768411654
652,0.4660394449032412,0.3913987990442097
653,0.47476268142237776,0.391755436436726
654,0.4835206397987855,0.39211198910175005
655,0.49231488152873787,0.39246845712231726
656,0.5011469681085078,0.3928248405814636
657,0.5100184610343685,0.39318113956222456
658,0.5189309218025933,0.39353735414763596
659,0.5278859119094551,0.39389348442073335
660,0.536884992851227,0.39424953046455247
661,0.5459297261241826,0.3946054923621289
662,0.5550216732245945,0.3949613701964985
663,0.564162395648736,0.3953171640506968
664,0.5733534548928806,0.3956728740077595
665,0.582596412453301,0.3960285001507223
666,0.5918928298262707,0.3963840425626209
667,0.6012442685080626,0.39673950132649083
668,0.6106522899949499,0.39709487652536796
669,0.6201184557832059,0.39745016824228785
670,0.6296443273691036,0.39780537656028625
671,0.639231466248916,0.39816050156239874
672,0.6488814339189167,0.398515543331661
673,0.6585957918753786,0.39887050195110885
674,0.6683761016145748,0.39922537750377785
675,0.6782239246327785,0.39958017007270363
676,0.6881408224262627,0.39993487974092207
677,0.6981283564913008,0.40028950659146856
678,0.7081880883241658,0.400644050707379
679,0.7183215794211308,0.4009985121716889
680,0.7285303912784693,0.40135289106743416
681,0.7388160853924541,0.40170718747765016
682,0.7491802232593584,0.4020614014853729
683,0.7596243663754554,0.4024155331736377
684,0.7701500762370183,0.40276958262548057
685,0.7807589143403201,0.40312354992393695
686,0.7914524421816341,0.40347743515204265
687,0.8022322212572334,0.4038312383928332
688,0.8130998130633914,0.40418495972934454
689,0.8240567790963806,0.40453859924461205
690,0.8351046808524747,0.4048921570216716
691,0.8462450798279466,0.4052456331435587
692,0.8574795375190697,0.40559902769330924
693,0.868809615422117,0.40595234075395864
694,0.8802368750333616,0.40630557240854287
695,0.8917628778490768,0.40665872274009734
696,0.9033891853655353,0.4070117918316579
697,0.9151173590790109,0.4073647797662601
698,0.9269489604857764,0.40771768662693975
699,0.9388855510821049,0.40807051249673243
700,0.025111155820384513,0.42613858712185576
701,0.03416217351907951,0.4264872764785913
702,0.043167328026649084,0.42683588928804617
703,0.052128180839366385,0.42718442563325615
704,0.06104629345350458,0.42753288559725683
705,0.06992322736533679,0.4278812692630839
706,0.0787605440711362,0.4282295767137731
707,0.08755980506717592,0.42857780803236
708,0.09632257184972914,0.4289259633018803
709,0.10505040591506898,0.4292740426053699
710,0.11374486875946863,0.42962204602586407
711,0.1224075218792012,0.42996997364639883
712,0.13103992677053983,0.43031782555000964
713,0.1396436449297577,0.43066560181973235
714,0.14822023785312796,0.4310133025386024
715,0.1567712670369238,0.4313609277896558
716,0.16529829397741827,0.4317084776559279
717,0.17380288017088458,0.43205595222045456
718,0.18228658711359588,0.43240335156627135
719,0.1907509763018253,0.43275067577641413
720,0.19919760923184604,0.4330979249339183
721,0.2076280473999312,0.4334450991218198
722,0.21604385230235398,0.4337921984231541
723,0.22444658543538745,0.43413922292095697
724,0.23283780829530482,0.4344861726982641
725,0.24121908237837922,0.4348330478381112
726,0.24959196918088383,0.4351798484235338
727,0.25795803019909175,0.4355265745375677
728,0.26631882692927616,0.43587322626324854
729,0.2746759208677102,0.4362198036836121
730,0.2830308735106671,0.43656630688169373
731,0.29138524635441987,0.43691273594052954
732,0.29974060089524174,0.43725909094315485
733,0.30809849862940586,0.4376053719726056
734,0.3164605010531854,0.43795157911191723
735,0.3248281696628534,0.4382977124441255
736,0.3332030659546832,0.43864377205226623
737,0.3415867514249478,0.4389897580193749
738,0.3499807875699204,0.4393356704284873
739,0.35838673588587405,0.43968150936263906
740,0.36680615786908205,0.4400272749048659
741,0.3752406150158175,0.4403729671382034
742,0.3836916688223535,0.4407185861456873
743,0.3921608807849633,0.4410641320103533
744,0.4006498123999201,0.441409604815237
745,0.4091600251634967,0.4417550046433742
746,0.4176930805719667,0.4421003315778004
747,0.42625054012160296,0.44244558570155146
748,0.4348339653086786,0.44279076709766285
749,0.4434449176294671,0.4431358758491705
750,0.4520849585802412,0.44348091203910983
751,0.46075564965727434,0.44382587575051674
752,0.4694585523568396,0.4441707670664267
753,0.4781952281752102,0.44451558606987557
754,0.486967238608659,0.4448603328438989
755,0.4957761451534594,0.4452050074715324
756,0.5046235093058846,0.4455496100358117
757,0.5135108925622075,0.4458941406197726
758,0.5224398564187015,0.4462385993064507
759,0.5314119623716396,0.44658298617888165
760,0.540428771917295,0.44692730132010117
761,0.5494918465519408,0.4472715448131449
762,0.5586027477718503,0.44761571674104855
763,0.5677630370732966,0.44795981718684774
764,0.5769742759525525,0.44830384623357816
765,0.5862380259058917,0.4486478039642756
766,0.5955558484295871,0.4489916904619755
767,0.6049293050199118,0.4493355058097139
768,0.614359957173139,0.44967925009052606
769,0.6238493663855418,0.4500229233874479
770,0.6333990941533933,0.45036652578351505
771,0.643010701972967,0.45071005736176323
772,0.6526857513405356,0.451053518205228
773,0.6624258037523728,0.4513969083969452
774,0.6722324207047513,0.45174022801995023
775,0.6821071636939441,0.452083477157279
776,0.6920515942162246,0.4524266558919671
777,0.702067273767866,0.45276976430705035
778,0.7121557638451416,0.45311280248556424
779,0.7223186259443242,0.4534557705105446
780,0.7325574215616871,0.45379866846502687
781,0.7428737121935034,0.454141496432047
782,0.7532690593360465,0.4544842544946404
783,0.7637450244855891,0.454826942735843
784,0.7743031691384049,0.45516956123869035
785,0.7849450547907666,0.45551211008621817
786,0.7956722429389474,0.45585458936146195
787,0.8064862950792206,0.45619699914745765
788,0.8173887727078596,0.45653933952724074
789,0.828381237321137,0.456881610583847
790,0.8394652504153263,0.457223812400312
791,0.8506423734867006,0.45756594505967163
792,0.8619141680315328,0.4579080086449613
793,0.8732821955460964,0.45825000323921694
794,0.8847480175266641,0.45859192892547396
795,0.8963131954695098,0.45893378578676824
796,0.907979290870906,0.45927557390613527
797,0.9197478652271261,0.45961729336661095
798,0.9316204800344432,0.4599589442512308
799,0.9435986967891304,0.4603005266430306
800,0.0286684969891169,0.47780630517606143
801,0.037701331037707876,0.4781444073835841
802,0.0466889146529805,0.478482445541893
803,0.055632809331207886,0.47882041973402384
804,0.06453457656866325,0.4791583300430121
805,0.07339577786161967,0.4794961765518937
806,0.08221797470635035,0.47983395934370426
807,0.09100272859912842,0.48017167850147935
808,0.09975160103622702,0.4805093341082547
809,0.10846615351391933,0.4808469262470661
810,0.11714794752847847,0.481184455000949
811,0.12579854457617762,0.48152192045293923
812,0.13441950615328985,0.4818593226860724
813,0.1430123937560884,0.48219666178338433
814,0.15157876888084643,0.4825339378279105
815,0.160120193023837,0.48287115090268673
816,0.16863822768133338,0.4832083010907485
817,0.1771344343496086,0.48354538847513173
818,0.18561037452493587,0.483882413138872
819,0.19406760970358836,0.4842193751650049
820,0.20250770138183918,0.48455627463656625
821,0.2109322110559615,0.4848931116365916
822,0.21934270022222846,0.48522988624811664
823,0.22774073037691323,0.4855665985541772
824,0.2361278630162889,0.48590324863780876
825,0.2445056596366287,0.4862398365820471
826,0.2528756817342057,0.4865763624699278
827,0.2612394908052932,0.48691282638448663
828,0.26959864834616415,0.4872492284087593
829,0.27795471585309184,0.4875855686257814
830,0.28630925482234937,0.48792184711858855
831,0.29466382675020986,0.48825806397021665
832,0.3030199931329466,0.48859421926370106
833,0.3113793154668325,0.48893031308207774
834,0.31974335524814096,0.4892663455083822
835,0.328113673973145,0.48960231662565024
836,0.3364918331381177,0.4899382265169173
837,0.34487939423933245,0.4902740752652194
838,0.3532779187730622,0.49060986295359194
839,0.36168896823558006,0.49094558966507074
840,0.3701141041231593,0.49128125548269136
841,0.37855488793207315,0.4916168604894896
842,0.38701288115859445,0.491952404768501
843,0.3954896452989967,0.49228788840276133
844,0.4039867418495529,0.49262331147530625
845,0.4125057323065362,0.4929586740691715
846,0.4210481781662197,0.4932939762673926
847,0.4296156409248767,0.4936292181530053
848,0.4382096820787802,0.4939643998090453
849,0.4468318631242033,0.4942995213185483
850,0.45548374555741933,0.49463458276454986
851,0.4641668908747015,0.49496958423008586
852,0.4728828605723226,0.49530452579819173
853,0.48163321614655613,0.49563940755190333
854,0.49041951909367515,0.49597422957425624
855,0.49924333090995265,0.4963089919482862
856,0.5081062130916619,0.49664369475702874
857,0.5170097271350762,0.4969783380835198
858,0.5259554345364684,0.49731292201079474
859,0.534944896792112,0.49764744662188953
860,0.5439796753982798,0.49798191199983954
861,0.5530613318512452,0.4983163182276808
862,0.5621914276472811,0.49865066538844866
863,0.571371524282661,0.498984953565179
864,0.5806031832536578,0.4993191828409074
865,0.5898879660565447,0.4996533532986696
866,0.5992274341875947,0.49998746502150127
867,0.6086231491430812,0.5003215180924381
868,0.6180766724192773,0.5006555125945156
869,0.6275895655124561,0.5009894486107695
870,0.6371633899188909,0.5013233262242357
871,0.6467997071348546,0.5016571455179497
872,0.6565000786566203,0.501990906574947
873,0.6662660659804616,0.5023246094782639
874,0.6760992306026513,0.5026582543109352
875,0.6860011340194625,0.5029918411559973
876,0.6959733377271685,0.5033253700964855
877,0.7060174032220424,0.5036588412154355
878,0.7161348920003573,0.503992254595883
879,0.7263273655583863,0.5043256103208639
880,0.7365963853924029,0.5046589084734135
881,0.74694351299868,0.5049921491365679
882,0.7573703098734906,0.5053253323933624
883,0.7678783375131082,0.5056584583268329
884,0.7784691574138057,0.5059915270200149
885,0.7891443310718561,0.5063245385559443
886,0.799905419983533,0.5066574930176566
887,0.8107539856451093,0.5069903904881874
888,0.8216915895528584,0.5073232310505726
889,0.832719793203053,0.5076560147878478
890,0.8438401580919664,0.5079887417830486
891,0.8550542457158716,0.5083214121192108
892,0.8663636175710424,0.5086540258793699
893,0.8777698351537513,0.5089865831465618
894,0.8892744599602718,0.509319084003822
895,0.9008790534868767,0.5096515285341862
896,0.9125851772298393,0.50998391682069
897,0.924394392685433,0.5103162489463693
898,0.9363082613499307,0.5106485249942596
899,0.9483283447196057,0.5109807450473967
900,0.032218629534311524,0.5280211332972329
901,0.041233520389427535,0.5283505294948728
902,0.050203773569032224,0.528679874141366
903,0.05913095056939879,0.5290091673197478
904,0.06801661288680033,0.529338409113054
905,0.07686232201751005,0.5296675996043203
906,0.08566963945780103,0.5299967388765824
907,0.09444012670394648,0.5303258270128758
908,0.1031753452522195,0.5306548640962364
909,0.11187685659889329,0.5309838502096998
910,0.120546222240241,0.5313127854363017
911,0.12918500367253577,0.5316416698590777
912,0.13779476239205068,0.5319705035610635
913,0.14637705989505898,0.5322992866252947
914,0.15493345767783379,0.5326280191348072
915,0.16346551723664826,0.5329567011726365
916,0.1719748000677755,0.5332853328218183
917,0.18046286766748867,0.5336139141653883
918,0.18893128153206099,0.5339424452863821
919,0.19738160315776554,0.5342709262678356
920,0.20581539404087548,0.5345993571927841
921,0.21423421567766404,0.5349277381442636
922,0.22263962956440422,0.5352560692053097
923,0.2310331971973693,0.5355843504589579
924,0.23941648007283237,0.5359125819882441
925,0.24779103968706656,0.536240763876204
926,0.2561584375363451,0.536568896205873
927,0.26452023511694117,0.536896979060287
928,0.27287799392512774,0.5372250125224817
929,0.2812332754571781,0.5375529966754926
930,0.28958764120936537,0.5378809316023554
931,0.29794265267796266,0.5382088173861059
932,0.3062998713592432,0.5385366541097798
933,0.31466085874948,0.5388644418564127
934,0.32302717634494643,0.5391921807090402
935,0.33140038564191543,0.5395198707506981
936,0.3397820481366603,0.5398475120644218
937,0.3481737253254541,0.5401751047332475
938,0.35657697870457006,0.5405026488402104
939,0.36499336977028124,0.5408301444683463
940,0.37342446001886076,0.5411575917006911
941,0.3818718109465819,0.5414849906202802
942,0.3903369840497178,0.5418123413101493
943,0.39882154082454147,0.5421396438533342
944,0.4073270427673262,0.5424668983328705
945,0.4158550513743451,0.542794104831794
946,0.4244071281418712,0.5431212634331402
947,0.4329848345661779,0.5434483742199449
948,0.44158973214353814,0.5437754372752436
949,0.45022338237022513,0.5441024526820722
950,0.4588873467425121,0.5444294205234663
951,0.4675831867566721,0.5447563408824615
952,0.4763124639089783,0.5450832138420936
953,0.4850767396957039,0.5454100394853981
954,0.49387757561312207,0.5457368178954107
955,0.5027165331575058,0.5460635491551673
956,0.5115951738251283,0.5463902333477033
957,0.5205150591122628,0.5467168705560546
958,0.5294777505151824,0.5470434608632567
959,0.5384848095301603,0.5473700043523455
960,0.5475377976534697,0.5476965011063564
961,0.5566382763813836,0.5480229512083253
962,0.5657878072101752,0.5483493547412877
963,0.5749879516361177,0.5486757117882793
964,0.584240271155484,0.549002022432336
965,0.5935463272645477,0.5493282867564931
966,0.6029076814595817,0.5496545048437866
967,0.6123258952368592,0.5499806767772522
968,0.6218025300926532,0.5503068026399252
969,0.6313391475232369,0.5506328825148415
970,0.6409373090248837,0.5509589164850369
971,0.6505985760938665,0.551284904633547
972,0.6603245102264584,0.5516108470434072
973,0.6701166729189331,0.5519367437976537
974,0.679976625667563,0.5522625949793216
975,0.6899059299686215,0.552588400671447
976,0.6999061473183817,0.5529141609570655
977,0.7099788392131172,0.5532398759192126
978,0.7201255671491007,0.5535655456409241
979,0.7303478926226055,0.5538911702052357
980,0.7406473771299047,0.5542167496951829
981,0.7510255821672714,0.5545422841938017
982,0.7614840692309788,0.5548677737841274
983,0.7720243998173001,0.555193218549196
984,0.7826481354225086,0.555518618572043
985,0.7933568375428771,0.5558439739357042
986,0.804152067674679,0.5561692847232149
987,0.8150353873141872,0.5564945510176114
988,0.8260083579576755,0.5568197729019289
989,0.8370725411014159,0.5571449504592032
990,0.8482294982416827,0.55747008377247
991,0.8594807908747484,0.5577951729247649
992,0.8708279804968864,0.5581202179991237
993,0.8822726286043698,0.5584452190785821
994,0.8938162966934716,0.5587701762461755
995,0.9054605462604649,0.5590950895849399
996,0.9172069388016234,0.5594199591779108
997,0.9290570358132197,0.559744785108124
998,0.9410123987915272,0.5600695674586149
999,0.953074589232819,0.5603943063124196
1000,0.03576164781525649,0.5770662100879587
1001,0.044758835933526565,0.5773887814150462
1002,0.05371199913409241,0.5777113136890537
1003,0.06262269891322715,0.5780338069930169
1004,0.07149249676720396,0.5783562614099711
1005,0.08032295419229595,0.5786786770229524
1006,0.08911563268477633,0.5790010539149961
1007,0.09787209374091821,0.5793233921691383
1008,0.10659389885699473,0.5796456918684143
1009,0.11528260952927907,0.57996795309586
1010,0.12393978725404436,0.5802901759345109
1011,0.1325669935275638,0.5806123604674029
1012,0.14116578984611045,0.5809345067775715
1013,0.14973773770595747,0.5812566149480525
1014,0.15828439860337817,0.5815786850618813
1015,0.16680733403464548,0.5819007172020939
1016,0.17530810549603268,0.5822227114517259
1017,0.18378827448381288,0.5825446678938129
1018,0.19224940249425926,0.5828665866113905
1019,0.20069305102364496,0.5831884676874945
1020,0.2091207815682431,0.5835103112051606
1021,0.21753415562432687,0.5838321172474246
1022,0.22593473468816944,0.5841538858973218
1023,0.23432408025604384,0.584475617237888
1024,0.2427037538242233,0.5847973113521591
1025,0.251075316888981,0.5851189683231707
1026,0.2594403309465901,0.5854405882339581
1027,0.26780035749332365,0.5857621711675576
1028,0.2761569580254549,0.5860837172070044
1029,0.28451169403925697,0.5864052264353343
1030,0.292866127031003,0.586726698935583
1031,0.30122181849696616,0.5870481347907863
1032,0.30958032993341955,0.5873695340839797
1033,0.3179432228366364,0.5876908968981991
1034,0.3263120587028898,0.5880122233164797
1035,0.3346883990284528,0.5883335134218577
1036,0.3430738053095988,0.5886547672973684
1037,0.3514698390426009,0.5889759850260479
1038,0.35987806172373193,0.5892971666909312
1039,0.36830003484926543,0.5896183123750547
1040,0.3767373199154744,0.5899394221614537
1041,0.38519147841863194,0.5902604961331639
1042,0.39366407185501123,0.5905815343732209
1043,0.4021566617208855,0.5909025369646608
1044,0.4106708095125278,0.5912235039905186
1045,0.4192080767262113,0.5915444355338306
1046,0.4277700248582093,0.5918653316776321
1047,0.4363582154047946,0.5921861925049589
1048,0.44497420986224073,0.5925070180988465
1049,0.4536195697268206,0.592827808542331
1050,0.4622958564948074,0.5931485639184477
1051,0.47100463166247447,0.5934692843102324
1052,0.4797474567260947,0.5937899698007207
1053,0.4885258931819415,0.5941106204729485
1054,0.49734150252628767,0.5944312364099511
1055,0.5061958462554067,0.5947518176947645
1056,0.5150904858655716,0.5950723644104242
1057,0.5240269828530554,0.5953928766399661
1058,0.5330068987141314,0.5957133544664256
1059,0.5420317949450728,0.5960337979728384
1060,0.5511032330421527,0.5963542072422404
1061,0.5602227745016441,0.5966745823576672
1062,0.5693919808198205,0.5969949234021543
1063,0.5786124134929546,0.5973152304587375
1064,0.5878856340173199,0.5976355036104525
1065,0.5972132038891893,0.5979557429403349
1066,0.6065966846048362,0.5982759485314205
1067,0.6160376376605334,0.5985961204667448
1068,0.6255376245525545,0.5989162588293436
1069,0.6350982067771723,0.5992363637022525
1070,0.6447209458306602,0.5995564351685073
1071,0.6544074032092911,0.5998764733111437
1072,0.6641591404093384,0.600196478213197
1073,0.6739777189270751,0.6005164499577034
1074,0.6838647002587743,0.6008363886276982
1075,0.6938216459007094,0.6011562943062172
1076,0.7038501173491533,0.601476167076296
1077,0.7139516761003791,0.6017960070209705
1078,0.7241278836506603,0.6021158142232761
1079,0.7343803014962695,0.6024355887662487
1080,0.7447104911334804,0.6027553307329238
1081,0.755120014058566,0.6030750402063372
1082,0.7656104317677991,0.6033947172695244
1083,0.7761833057574534,0.6037143620055212
1084,0.7868401975238017,0.6040339744973634
1085,0.7975826685631173,0.6043535548280865
1086,0.808412280371673,0.6046731030807262
1087,0.8193305944457425,0.6049926193383183
1088,0.8303391722815988,0.6053121036838982
1089,0.8414395753755148,0.6056315562005019
1090,0.8526333652237637,0.6059509769711648
1091,0.8639221033226188,0.6062703660789228
1092,0.8753073511683531,0.6065897236068115
1093,0.8867906702572397,0.6069090496378665
1094,0.8983736220855523,0.6072283442551236
1095,0.9100577681495633,0.6075476075416184
1096,0.9218446699455463,0.6078668395803865
1097,0.9337358889697743,0.6081860404544637
1098,0.9457329867185206,0.6085052102468855
1099,0.9578375246880578,0.6088243490406878
1100,0.03929764619123989,0.6252246741508277
1101,0.04827737202929309,0.6255423017466931
1102,0.05721368570744913,0.6258599027875451
1103,0.06610814872198109,0.6261774773564197
1104,0.0749623225691622,0.6264950255363522
1105,0.08377776874526556,0.6268125474103787
1106,0.09255604874656434,0.6271300430615344
1107,0.10129872406933169,0.6274475125728554
1108,0.11000735620984076,0.627764956027377
1109,0.11868350666436468,0.6280823735081352
1110,0.12732873692917662,0.6283997650981655
1111,0.13594460850054976,0.6287171308805036
1112,0.14453268287475718,0.6290344709381851
1113,0.1530945215480721,0.629351785354246
1114,0.16163168601676756,0.6296690742117215
1115,0.17014573777711692,0.6299863375936477
1116,0.1786382383253931,0.63030357558306
1117,0.18711074915786932,0.6306207882629942
1118,0.19556483177081885,0.6309379757164858
1119,0.20400204766051472,0.6312551380265707
1120,0.21242395832323008,0.6315722752762846
1121,0.22083212525523815,0.631889387548663
1122,0.22922810995281204,0.6322064749267416
1123,0.23761347391222487,0.6325235374935562
1124,0.24598977862974983,0.6328405753321422
1125,0.25435858560166,0.6331575885255356
1126,0.26272145632422866,0.633474577156772
1127,0.27107995229372894,0.633791541308887
1128,0.27943563500643387,0.6341084810649162
1129,0.28779006595861667,0.6344253965078954
1130,0.2961448066465505,0.6347422877208603
1131,0.3045014185665086,0.6350591547868465
1132,0.3128614632147638,0.6353759977888896
1133,0.3212265020875897,0.6356928168100255
1134,0.3295980966812591,0.6360096119332896
1135,0.3379778084920453,0.6363263832417179
1136,0.3463671990162214,0.6366431308183458
1137,0.3547678297500607,0.6369598547462091
1138,0.36318126218983615,0.6372765551083434
1139,0.3716090578318209,0.6375932319877844
1140,0.3800527781722883,0.6379098854675679
1141,0.3885139847075113,0.6382265156307295
1142,0.3969942389337631,0.6385431225603047
1143,0.40549510234731695,0.6388597063393294
1144,0.41401813644444596,0.6391762670508392
1145,0.4225649027214231,0.6394928047778697
1146,0.43113696267452184,0.6398093196034568
1147,0.43973587780001505,0.6401258116106359
1148,0.44836320959417597,0.6404422808824428
1149,0.45702051955327777,0.6407587275019133
1150,0.4657093691735936,0.6410751515520828
1151,0.47443131995139665,0.6413915531159873
1152,0.48318793338296007,0.6417079322766621
1153,0.49198077096455695,0.6420242891171432
1154,0.5008113941924603,0.6423406237204661
1155,0.5096813645629437,0.6426569361696666
1156,0.5185922435722798,0.6429732265477802
1157,0.5275455927167422,0.6432894949378428
1158,0.5365429734926036,0.6436057414228898
1159,0.5455859473961375,0.6439219660859571
1160,0.554676075923617,0.6442381690100804
1161,0.5638149205713151,0.6445543502782952
1162,0.573004042835505,0.6448705099736372
1163,0.58224500421246,0.6451866481791422
1164,0.591539366198453,0.6455027649778458
1165,0.6008886902897572,0.6458188604527836
1166,0.610294537982646,0.6461349346869915
1167,0.6197584707733923,0.646450987763505
1168,0.6292820501582694,0.6467670197653597
1169,0.6388668376335503,0.6470830307755914
1170,0.6485143946955084,0.6473990208772358
1171,0.6582262828404165,0.6477149901533286
1172,0.6680040635645481,0.6480309386869053
1173,0.6778492983641762,0.6483468665610017
1174,0.6877635487355738,0.6486627738586536
1175,0.6977483761750142,0.6489786606628963
1176,0.7078053421787707,0.6492945270567658
1177,0.7179360082431162,0.6496103731232978
1178,0.7281419358643236,0.6499261989455278
1179,0.7384246865386668,0.6502420046064915
1180,0.7487858217624185,0.6505577901892245
1181,0.7592269030318517,0.6508735557767628
1182,0.7697494918432398,0.6511893014521417
1183,0.780355149692856,0.6515050272983972
1184,0.7910454380769731,0.6518207333985647
1185,0.8018219184918647,0.6521364198356799
1186,0.8126861524338038,0.6524520866927787
1187,0.8236397013990633,0.6527677340528967
1188,0.8346841268839169,0.6530833619990694
1189,0.8458209903846371,0.6533989706143326
1190,0.8570518533974972,0.653714559981722
1191,0.8683782774187706,0.6540301301842733
1192,0.8798018239447306,0.6543456813050219
1193,0.8913240544716498,0.6546612134270039
1194,0.9029465304958018,0.6549767266332546
1195,0.9146708135134595,0.65529222100681
1196,0.9264984650208961,0.6556076966307055
1197,0.9384310465143847,0.6559231535879769
1198,0.9504701194901988,0.6562385919616599
1199,0.962617245444611,0.6565540118347902
1200,0.04282671902154984,0.6727796640884287
1201,0.05178922303601521,0.673094229092402
1202,0.06070892764839046,0.673408780039429
1203,0.06958739435494873,0.6737233170125452
1204,0.07842618465196319,0.6740378400947863
1205,0.08722686003570695,0.6743523493691881
1206,0.09599098200245319,0.6746668449187859
1207,0.10472011204847505,0.6749813268266159
1208,0.1134158116700457,0.6752957951757135
1209,0.12207964236343827,0.6756102500491143
1210,0.13071316562492594,0.6759246915298541
1211,0.1393179429507818,0.6762391197009687
1212,0.14789553583727902,0.6765535346454935
1213,0.15644750578069075,0.6768679364464644
1214,0.16497541427729026,0.6771823251869168
1215,0.17348082282335056,0.6774967009498867
1216,0.18196529291514477,0.6778110638184095
1217,0.19043038604894616,0.6781254138755212
1218,0.19887766372102778,0.678439751204257
1219,0.2073086874276629,0.678754075887653
1220,0.21572501866512453,0.6790683880087448
1221,0.2241282189296859,0.679382687650568
1222,0.23251984971762024,0.6796969748961582
1223,0.24090147252520056,0.6800112498285512
1224,0.24927464884870001,0.6803255125307826
1225,0.2576409401843918,0.6806397630858881
1226,0.26600190802854906,0.6809540015769033
1227,0.274359113877445,0.6812682280868642
1228,0.2827141192273527,0.681582442698806
1229,0.29106848557454534,0.6818966454957647
1230,0.29942377441529605,0.6822108365607757
1231,0.307781547245878,0.6825250159768752
1232,0.31614336556256434,0.6828391838270983
1233,0.32451079086162815,0.683153340194481
1234,0.3328853846393427,0.6834674851620589
1235,0.3412687083919811,0.6837816188128675
1236,0.34966232361581634,0.6840957412299429
1237,0.3580677918071219,0.6844098524963202
1238,0.3664866744621707,0.6847239526950356
1239,0.3749205330772359,0.6850380419091245
1240,0.38337092914859067,0.6853521202216226
1241,0.3918394241725082,0.6856661877155656
1242,0.40032757964526156,0.6859802444739893
1243,0.408836957063124,0.6862942905799292
1244,0.41736911792236875,0.6866083261164211
1245,0.4259256237192686,0.6869223511665006
1246,0.4345080359500971,0.6872363658132032
1247,0.44311791611112716,0.687550370139565
1248,0.45175682569863207,0.6878643642286214
1249,0.46042632620888485,0.688178348163408
1250,0.46912797913815873,0.6884923220269605
1251,0.47786334598272684,0.688806285902315
1252,0.48663398823886234,0.6891202398725065
1253,0.4954414674028385,0.6894341840205712
1254,0.5042873449709283,0.6897481184295445
1255,0.5131731824394048,0.6900620431824622
1256,0.5221005413045414,0.69037595836236
1257,0.5310709830626111,0.6906898640522735
1258,0.5400860692098871,0.6910037603352384
1259,0.5491473612426425,0.6913176472942902
1260,0.5582564206571508,0.691631525012465
1261,0.5674148089496844,0.6919453935727982
1262,0.5766240876165171,0.6922592530583254
1263,0.5858858181539216,0.6925731035520822
1264,0.5952015620581717,0.6928869451371047
1265,0.6045728808255398,0.6932007778964282
1266,0.6140013359522997,0.6935146019130884
1267,0.623488488934724,0.6938284172701212
1268,0.6330359012690862,0.6941422240505621
1269,0.6426451344516592,0.6944560223374469
1270,0.6523177499787164,0.6947698122138112
1271,0.6620553093465308,0.6950835937626906
1272,0.6718593740513756,0.6953973670671209
1273,0.6817315055895242,0.6957111322101377
1274,0.6916732654572494,0.6960248892747766
1275,0.7016862151508242,0.6963386383440735
1276,0.7117719161665221,0.6966523795010638
1277,0.7219319300006162,0.6969661128287835
1278,0.7321678181493795,0.697279838410268
1279,0.7424811421090852,0.6975935563285531
1280,0.7528734633760067,0.6979072666666745
1281,0.7633463434464169,0.6982209695076678
1282,0.7739013438165889,0.6985346649345686
1283,0.7845400259827958,0.6988483530304128
1284,0.7952639514413112,0.6991620338782358
1285,0.8060746816884078,0.6994757075610736
1286,0.816973778220359,0.6997893741619616
1287,0.8279628025334378,0.7001030337639357
1288,0.8390433161239174,0.7004166864500312
1289,0.8502168804880711,0.7007303323032842
1290,0.8614850571221716,0.7010439714067301
1291,0.8728494075224925,0.7013576038434048
1292,0.8843114931853068,0.7016712296963438
1293,0.8958728756068877,0.7019848490485829
1294,0.9075351162835081,0.7022984619831577
1295,0.9192997767114415,0.7026120685831038
1296,0.9311684183869608,0.702925668931457
1297,0.9431426028063394,0.703239263111253
1298,0.9552238914658502,0.7035528512055274
1299,0.9674138458617666,0.7038664332973158
1300,0.04634896066547442,0.7200143185033503
1301,0.055294483312981015,0.7203277020547619
1302,0.06419781931620454,0.7206410840472939
1303,0.07306053017141814,0.720954464563982
1304,0.08188417737489498,0.7212678436878618
1305,0.09067032242290822,0.7215812215019691
1306,0.09942052681173097,0.7218945980893394
1307,0.10813635203763639,0.7222079735330088
1308,0.11681935959689765,0.7225213479160123
1309,0.12547111098578792,0.722834721321386
1310,0.1340931677005803,0.7231480938321657
1311,0.14268709123754797,0.7234614655313868
1312,0.15125444309296404,0.723774836502085
1313,0.15979678476310177,0.7240882068272961
1314,0.1683156777442342,0.7244015765900557
1315,0.1768126835326345,0.7247149458733996
1316,0.18528936362457585,0.7250283147603631
1317,0.19374727951633136,0.7253416833339823
1318,0.20218799270417423,0.7256550516772928
1319,0.21061306468437763,0.7259684198733302
1320,0.21902405695321459,0.7262817880051299
1321,0.22742253100695836,0.7265951561557281
1322,0.2358100483418821,0.7269085244081602
1323,0.24418817045425886,0.7272218928454618
1324,0.25255845884036193,0.7275352615506686
1325,0.2609224749964643,0.7278486306068164
1326,0.2692817804188393,0.728162000096941
1327,0.27763793660375996,0.7284753701040777
1328,0.28599250504749946,0.7287887407112623
1329,0.294347047246331,0.7291021120015307
1330,0.30270312469652755,0.7294154840579185
1331,0.31106229889436243,0.7297288569634612
1332,0.3194261313361088,0.7300422308011945
1333,0.3277961835180398,0.7303556056541541
1334,0.33617401693642845,0.7306689816053759
1335,0.344561193087548,0.7309823587378952
1336,0.3529592734676716,0.731295737134748
1337,0.36136981957307246,0.7316091168789699
1338,0.36979439290002364,0.7319224980535965
1339,0.3782345549447983,0.7322358807416635
1340,0.3866918672036695,0.7325492650262065
1341,0.39516789117291057,0.7328626509902612
1342,0.40366418834879464,0.7331760387168637
1343,0.4121823202275947,0.7334894282890488
1344,0.4207238483055841,0.733802819789853
1345,0.4292903340790359,0.7341162133023114
1346,0.43788333904422316,0.7344296089094602
1347,0.4465044246974192,0.7347430066943346
1348,0.455155152534897,0.7350564067399706
1349,0.46383708405292984,0.7353698091294036
1350,0.47255178074779086,0.7356832139456697
1351,0.4813008041157531,0.735996621271804
1352,0.4900857156530898,0.7363100311908426
1353,0.4989080768560742,0.7366234437858209
1354,0.5077694492209792,0.7369368591397751
1355,0.5166713942440782,0.7372502773357402
1356,0.5256154734216442,0.7375636984567523
1357,0.5346032482499504,0.7378771225858469
1358,0.54363628022527,0.7381905498060599
1359,0.5527161308438759,0.7385039802004266
1360,0.5618443616020418,0.7388174138519829
1361,0.5710225339960402,0.7391308508437644
1362,0.5802522095221446,0.7394442912588072
1363,0.5895349496766282,0.7397577351801462
1364,0.5988723159557641,0.7400711826908176
1365,0.6082658698558253,0.740384633873857
1366,0.617717172873085,0.7406980888123001
1367,0.6272277865038164,0.7410115475891824
1368,0.6367992722442927,0.7413250102875397
1369,0.646433191590787,0.7416384769904075
1370,0.6561311060395725,0.7419519477808221
1371,0.6658945770869223,0.7422654227418183
1372,0.6757251662291095,0.7425789019564323
1373,0.6856244349624073,0.7428923855076995
1374,0.695593944783089,0.7432058734786561
1375,0.7056352571874274,0.7435193659523371
1376,0.7157499336716959,0.7438328630117786
1377,0.7259395357321677,0.744146364740016
1378,0.7362056248651158,0.7444598712200855
1379,0.7465497625668133,0.7447733825350221
1380,0.7569735103335334,0.745086898767862
1381,0.7674784296615496,0.7454004200016404
1382,0.7780660820471345,0.7457139463193936
1383,0.7887380289865618,0.7460274778041566
1384,0.799495831976104,0.7463410145389655
1385,0.8103410525120347,0.7466545566068558
1386,0.821275252090627,0.7469681040908634
1387,0.8322999922081541,0.7472816570740236
1388,0.8434168343608892,0.7475952156393724
1389,0.8546273400451051,0.7479087798699453
1390,0.8659330707570752,0.7482223498487782
1391,0.8773355879930725,0.7485359256589065
1392,0.8888364532493701,0.7488495073833661
1393,0.9004372280222416,0.7491630951051924
1394,0.9121394738079598,0.7494766889074214
1395,0.9239447521027979,0.7497902888730885
1396,0.9358546244030291,0.7501038950852296
1397,0.9478706522049265,0.7504175076268801
1398,0.9599943970047631,0.750731126581076
1399,0.9722274202988123,0.7510447520308527
1400,0.04986446548230175,0.7672117759981816
1401,0.058793247219478616,0.7675258592363615
1402,0.06768045507017946,0.7678399534137289
1403,0.07652765053067746,0.768154058613319
1404,0.08533639509724573,0.7684681749181677
1405,0.09410825026615745,0.7687823024113107
1406,0.10284477753368575,0.7690964411757839
1407,0.11154753839610382,0.7694105912946225
1408,0.12021809434968474,0.7697247528508623
1409,0.12885800689070173,0.7700389259275393
1410,0.1374688375154279,0.7703531106076889
1411,0.14605214772013647,0.7706673069743468
1412,0.15460949900110046,0.7709815151105486
1413,0.16314245285459308,0.7712957350993301
1414,0.17165257077688753,0.7716099670237271
1415,0.18014141426425695,0.7719242109667751
1416,0.1886105448129744,0.7722384670115096
1417,0.19706152391931314,0.7725527352409667
1418,0.20549591307954623,0.7728670157381818
1419,0.21391527378994693,0.7731813085861906
1420,0.22232116754678832,0.7734956138680288
1421,0.2307151558463435,0.7738099316667321
1422,0.23909880018488577,0.7741242620653362
1423,0.24747366205868812,0.7744386051468767
1424,0.25584130296402374,0.7747529609943893
1425,0.26420328439716584,0.7750673296909096
1426,0.2725611678543875,0.7753817113194735
1427,0.28091651483196195,0.7756961059631166
1428,0.2892708868261623,0.7760105137048743
1429,0.29762584533326164,0.7763249346277825
1430,0.30598295184953334,0.7766393688148769
1431,0.3143437678712502,0.7769538163491934
1432,0.3227098548946856,0.777268277313767
1433,0.3310827744161127,0.7775827517916339
1434,0.3394640879318046,0.7778972398658297
1435,0.34785535693803443,0.7782117416193902
1436,0.3562581429310754,0.7785262571353506
1437,0.36467400740720046,0.778840786496747
1438,0.3731045118626831,0.7791553297866152
1439,0.38155121779379625,0.7794698870879904
1440,0.390015686696813,0.7797844584839084
1441,0.3984994800680067,0.7800990440574052
1442,0.40700415940365037,0.7804136438915162
1443,0.4155312862000172,0.7807282580692771
1444,0.4240824219533804,0.7810428866737238
1445,0.43265912816001306,0.7813575297878915
1446,0.4412629663161883,0.7816721874948164
1447,0.4498954979181791,0.7819868598775338
1448,0.45855828446225905,0.7823015470190796
1449,0.46725288744470095,0.7826162490024893
1450,0.475980868361778,0.7829309659107989
1451,0.4847437887097634,0.7832456978270436
1452,0.4935432099849304,0.7835604448342594
1453,0.502380693683552,0.7838752070154817
1454,0.5112578013019015,0.7841899844537468
1455,0.5201760943362518,0.7845047772320894
1456,0.5291371342828762,0.7848195854335461
1457,0.538142482638048,0.785134409141152
1458,0.5471937008980402,0.7854492484379433
1459,0.5562923505591258,0.785764103406955
1460,0.5654399931175784,0.7860789741312232
1461,0.5746381900696708,0.7863938606937835
1462,0.583888502911676,0.7867087631776717
1463,0.5931924931398674,0.7870236816659232
1464,0.6025517222505181,0.7873386162415739
1465,0.6119677517399013,0.7876535669876592
1466,0.6214421431042901,0.7879685339872153
1467,0.6309764578399577,0.7882835173232773
1468,0.6405722574431773,0.7885985170788812
1469,0.6502311034102217,0.7889135333370625
1470,0.6599545572373644,0.7892285661808572
1471,0.6697441804208786,0.7895436156933006
1472,0.6796015344570371,0.7898586819574285
1473,0.6895281808421136,0.7901737650562766
1474,0.6995256810723808,0.7904888650728807
1475,0.7095955966441118,0.7908039820902762
1476,0.7197394890535801,0.791119116191499
1477,0.7299589197970582,0.7914342674595847
1478,0.7402554503708201,0.791749435977569
1479,0.7506306422711386,0.7920646218284875
1480,0.7610860569942868,0.7923798250953759
1481,0.7716232560365378,0.7926950458612698
1482,0.7822438008941647,0.7930102842092053
1483,0.7929492530634407,0.7933255402222175
1484,0.8037411740406392,0.7936408139833425
1485,0.8146211253220332,0.7939561055756155
1486,0.8255906684038957,0.794271415082073
1487,0.8366513647825,0.7945867425857497
1488,0.8478047759541196,0.7949020881696819
1489,0.8590524634150267,0.7952174519169048
1490,0.8703959886614951,0.7955328339104548
1491,0.8818369131897981,0.795848234233367
1492,0.8933767984962085,0.7961636529686772
1493,0.9050172060769996,0.796479090199421
1494,0.9167596974284445,0.7967945460086345
1495,0.9286058340468164,0.7971100204793528
1496,0.9405571774283882,0.797425513694612
1497,0.9526152890694336,0.7977410257374474
1498,0.9647817304662253,0.7980565566908951
1499,0.9770580631150364,0.7983721066379903
1500,0.053373327831319935,0.814655175175511
1501,0.062285609114796116,0.8149718392397896
1502,0.07115692926960332,0.8152885267413224
1503,0.07998884979201473,0.815605237763145
1504,0.0887829321783035,0.8159219723882927
1505,0.09754073792474278,0.8162387306998018
1506,0.10626382852760566,0.8165555127807076
1507,0.1149537654831654,0.816872318714046
1508,0.12361211028769507,0.8171891485828522
1509,0.13224042443746784,0.8175060024701625
1510,0.14084026942875683,0.8178228804590123
1511,0.14941320675783526,0.8181397826324373
1512,0.15796079792097623,0.8184567090734729
1513,0.1664846044144529,0.8187736598651552
1514,0.1749861877345384,0.8190906350905197
1515,0.18346710937750593,0.819407634832602
1516,0.19192893083962861,0.8197246591744378
1517,0.20037321361717958,0.820041708199063
1518,0.208801519206432,0.820358781989513
1519,0.21721540910365905,0.8206758806288236
1520,0.22561644480513385,0.8209930042000301
1521,0.2340061878071295,0.8213101527861689
1522,0.24238619960591928,0.8216273264702751
1523,0.2507580416977762,0.8219445253353848
1524,0.2591232755789735,0.8222617494645333
1525,0.26748346274578433,0.8225789989407564
1526,0.27584016469448175,0.8228962738470899
1527,0.2841949429213391,0.8232135742665694
1528,0.2925493589226293,0.8235309002822302
1529,0.30090497419462553,0.8238482519771086
1530,0.30926335023360124,0.82416562943424
1531,0.31762604853582926,0.8244830327366601
1532,0.32599463059758277,0.8248004619674044
1533,0.33437065791513504,0.8251179172095089
1534,0.34275569198475914,0.825435398546009
1535,0.35115129430272823,0.8257529060599405
1536,0.3595590263653155,0.826070439834339
1537,0.36798044966879423,0.8263879999522402
1538,0.3764171257094372,0.8267055864966799
1539,0.3848706159835179,0.8270231995506937
1540,0.39334248198730926,0.827340839197317
1541,0.4018342852170846,0.8276585055195859
1542,0.41034758716911696,0.827976198600536
1543,0.41888394933967954,0.8282939185232028
1544,0.4274449332250456,0.828611665370622
1545,0.4360321003214881,0.8289294392258293
1546,0.44464701212528024,0.8292472401718607
1547,0.4532912301326952,0.8295650682917513
1548,0.46196631584000597,0.829882923668537
1549,0.47067383074348607,0.8302008063852535
1550,0.47941533633940836,0.8305187165249369
1551,0.4881923941240461,0.830836654170622
1552,0.4970065655936723,0.8311546194053453
1553,0.5058594122445603,0.831472612312142
1554,0.5147524955729831,0.8317906329740479
1555,0.5236873770752141,0.8321086814740987
1556,0.532665618247526,0.8324267578953302
1557,0.5416887805861923,0.8327448623207776
1558,0.5507584255874861,0.8330629948334771
1559,0.5598761147476805,0.8333811555164641
1560,0.5690434095630488,0.8336993444527745
1561,0.5782618715298639,0.8340175617254436
1562,0.5875330621443989,0.8343358074175077
1563,0.5968585429029273,0.8346540816120017
1564,0.6062398753017221,0.8349723843919618
1565,0.6156786208370563,0.8352907158404235
1566,0.6251763410052033,0.8356090760404227
1567,0.6347345973024361,0.8359274650749946
1568,0.6443549512250276,0.8362458830271754
1569,0.6540389642692515,0.8365643299800003
1570,0.6637881979313807,0.8368828060165056
1571,0.6736042137076881,0.8372013112197262
1572,0.6834885730944472,0.8375198456726983
1573,0.6934428375879312,0.8378384094584572
1574,0.7034685686844128,0.8381570026600395
1575,0.7135673278801654,0.8384756253604794
1576,0.7237406766714624,0.8387942776428138
1577,0.7339901765545765,0.8391129595900778
1578,0.7443173890257812,0.8394316712853074
1579,0.7547238755813496,0.8397504128115377
1580,0.7652111977175545,0.8400691842518051
1581,0.7757809169306694,0.8403879856891447
1582,0.7864345947169675,0.8407068172065928
1583,0.7971737925727217,0.8410256788871843
1584,0.8080000719942053,0.8413445708139554
1585,0.8189149944776916,0.8416634930699415
1586,0.8299201215194534,0.8419824457381788
1587,0.841017014615764,0.8423014289017022
1588,0.8522072352628967,0.8426204426435481
1589,0.8634923449571245,0.8429394870467516
1590,0.8748739051947206,0.8432585621943488
1591,0.8863534774719581,0.8435776681693751
1592,0.8979326232851101,0.8438968050548662
1593,0.9096129041304497,0.8442159729338576
1594,0.9213958815042503,0.8445351718893859
1595,0.933283116902785,0.8448544020044856
1596,0.9452761718223269,0.8451736633621929
1597,0.957376607759149,0.8454929560455434
1598,0.9695859862095249,0.8458122801375731
1599,0.9819058686697268,0.8461316357213172
1600,0.05687564207181708,0.8626276546379275
1601,0.06577166335822161,0.8629487806676348
1602,0.07462733627376422,0.8632699426326632
1603,0.08344422231471814,0.8635911406160482
1604,0.09222388297735644,0.8639123747008255
1605,0.10096787975795228,0.8642336449700307
1606,0.10967777415277882,0.8645549515066997
1607,0.11835512765810927,0.8648762943938678
1608,0.1270015017702167,0.8651976737145709
1609,0.1356184579853743,0.8655190895518448
1610,0.14420755779985517,0.865840541988725
1611,0.15277036270993255,0.8661620311082471
1612,0.16130843421187951,0.8664835569934467
1613,0.16982333380196923,0.86680511972736
1614,0.17831662297647488,0.8671267193930223
1615,0.1867898632316696,0.867448356073469
1616,0.19524461606382648,0.8677700298517363
1617,0.20368244296921875,0.8680917408108596
1618,0.21210490544411956,0.8684134890338747
1619,0.22051356498480199,0.8687352746038173
1620,0.22890998308753926,0.8690570976037227
1621,0.23729572124860443,0.869378958116627
1622,0.24567234096427082,0.8697008562255658
1623,0.2540414037308114,0.8700227920135747
1624,0.26240447104449943,0.8703447655636892
1625,0.27076310440160795,0.8706667769589455
1626,0.27911886529841023,0.8709888262823787
1627,0.28747331523117936,0.8713109136170247
1628,0.2958280156961886,0.8716330390459193
1629,0.3041845281897109,0.871955202652098
1630,0.3125444142080195,0.8722774045185965
1631,0.3209092352473876,0.8725996447284506
1632,0.32928055280408836,0.8729219233646957
1633,0.3376599283743948,0.8732442405103679
1634,0.3460489234545802,0.8735665962485025
1635,0.3544490995409177,0.8738889906621352
1636,0.36286201812968033,0.8742114238343021
1637,0.3712892407171415,0.8745338958480382
1638,0.3797323287995741,0.8748564067863799
1639,0.3881928438732512,0.8751789567323623
1640,0.39667234743444635,0.8755015457690212
1641,0.40517240097943236,0.8758241739793925
1642,0.41369456600448246,0.8761468414465118
1643,0.4222404040058699,0.8764695482534146
1644,0.4308114764798678,0.8767922944831367
1645,0.4394093449227492,0.8771150802187138
1646,0.44803557083078727,0.8774379055431817
1647,0.45669171570025524,0.8777607705395756
1648,0.46537934102742623,0.8780836752909317
1649,0.47410000830857346,0.8784066198802853
1650,0.48285527903997,0.8787296043906724
1651,0.49164671471788896,0.8790526289051285
1652,0.5004758768386035,0.8793756935066892
1653,0.5093443268983869,0.8796987982783903
1654,0.5182536263935122,0.8800219433032677
1655,0.5272053368202526,0.8803451286643564
1656,0.5362010196748812,0.8806683544446927
1657,0.5452422364536712,0.8809916207273121
1658,0.5543305486528955,0.8813149275952503
1659,0.5634675177688278,0.8816382751315427
1660,0.5726547052977408,0.8819616634192254
1661,0.5818936727359076,0.8822850925413337
1662,0.5911859815796018,0.8826085625809037
1663,0.6005331933250962,0.8829320736209706
1664,0.609936869468664,0.8832556257445704
1665,0.6193985715065784,0.8835792190347385
1666,0.6289198609351123,0.883902853574511
1667,0.6385022992505394,0.8842265294469233
1668,0.6481474479491324,0.8845502467350109
1669,0.6578568685271644,0.8848740055218097
1670,0.667632122480909,0.8851978058903558
1671,0.677474771306639,0.8855216479236838
1672,0.6873863765006275,0.8858455317048304
1673,0.6973684995591479,0.8861694573168306
1674,0.7074227019784733,0.8864934248427206
1675,0.7175505452548767,0.8868174343655355
1676,0.7277535908846314,0.8871414859683117
1677,0.7380334003640103,0.8874655797340841
1678,0.7483915351892867,0.8877897157458892
1679,0.7588295568567339,0.8881138940867618
1680,0.7693490268626249,0.8884381148397382
1681,0.779951506703233,0.8887623780878537
1682,0.7906385578748312,0.8890866839141446
1683,0.8014117418736926,0.8894110324016458
1684,0.8122726201960904,0.8897354236333933
1685,0.8232227543382978,0.8900598576924226
1686,0.8342637057965878,0.8903843346617699
1687,0.8453970360672339,0.8907088546244704
1688,0.8566243066465091,0.89103341766356
1689,0.8679470790306865,0.891358023862074
1690,0.8793669147160391,0.8916826733030488
1691,0.89088537519884,0.8920073660695191
1692,0.9025040219753627,0.8923321022445215
1693,0.9142244165418802,0.892656881911091
1694,0.9260481203946658,0.8929817051522639
1695,0.9379766950299923,0.8933065720510752
1696,0.9500117019441331,0.8936314826905613
1697,0.962154702633361,0.8939564371537572
1698,0.9744072585939497,0.8942814355236989
1699,0.9867709313221721,0.894606477883422
1700,0.06037150256308126,0.9114123529880196
1701,0.0692515043090432,0.9117398221224862
1702,0.07809177044195029,0.9120673396903405
1703,0.08689386245807569,0.9123949057746182
1704,0.09565934185369258,0.9127225204583549
1705,0.10438977012507408,0.9130501838245867
1706,0.11308670876849335,0.9133778959563488
1707,0.12175171928022349,0.913705656936677
1708,0.13038636315653776,0.914033466848607
1709,0.1389922018937092,0.9143613257751746
1710,0.14757079698801107,0.9146892337994154
1711,0.1561237099357164,0.9150171910043651
1712,0.1646525022330984,0.915345197473059
1713,0.17315873537643026,0.9156732532885332
1714,0.18164397086198505,0.9160013585338235
1715,0.19010977018603598,0.9163295132919652
1716,0.19855769484485616,0.916657717645994
1717,0.20698930633471876,0.9169859716789459
1718,0.21540616615189695,0.9173142754738562
1719,0.22380983579266386,0.9176426291137609
1720,0.23220187675329262,0.9179710326816953
1721,0.24058385053005643,0.9182994862606955
1722,0.2489573186192284,0.918627989933797
1723,0.2573238425170817,0.9189565437840352
1724,0.2656849837198894,0.9192851478944463
1725,0.2740423037239248,0.9196138023480656
1726,0.28239736402546095,0.9199425072279288
1727,0.290751726120771,0.9202712626170717
1728,0.29910695150612815,0.9206000685985298
1729,0.30746460167780554,0.9209289252553392
1730,0.3158262381320763,0.9212578326705351
1731,0.32419342236521353,0.9215867909271532
1732,0.33256771587349054,0.9219158001082295
1733,0.34095068015318025,0.9222448602967994
1734,0.349343876700556,0.9225739715758989
1735,0.35774886701189085,0.9229031340285633
1736,0.3661672125834581,0.9232323477378283
1737,0.37460047491153065,0.9235616127867298
1738,0.3830502154923818,0.9238909292583035
1739,0.39151799582228464,0.9242202972355849
1740,0.40000537739751235,0.9245497168016096
1741,0.40851392171433815,0.9248791880394135
1742,0.417045190269035,0.9252087110320322
1743,0.42560074455787633,0.9255382858625012
1744,0.4341821460771351,0.9258679126138564
1745,0.4427909563230845,0.9261975913691334
1746,0.4514287367919977,0.926527322211368
1747,0.46009704898014775,0.9268571052235955
1748,0.46879745438380793,0.9271869404888522
1749,0.4775315144992513,0.927516828090173
1750,0.486300790822751,0.9278467681105944
1751,0.4951068448505803,0.9281767606331515
1752,0.5039512380790123,0.92850680574088
1753,0.5128355320043202,0.9288369035168157
1754,0.521761288122777,0.9291670540439946
1755,0.5307300679306559,0.9294972574054516
1756,0.5397434329242301,0.9298275136842231
1757,0.5488029445997727,0.9301578229633445
1758,0.557910164453557,0.9304881853258515
1759,0.5670666539818559,0.9308186008547797
1760,0.5762739746809428,0.9311490696331649
1761,0.5855336880470906,0.9314795917440425
1762,0.5948473555765728,0.9318101672704487
1763,0.6042165387656621,0.9321407962954187
1764,0.6136427991106319,0.9324714789019883
1765,0.6231276981077554,0.9328022151731932
1766,0.6326727972533057,0.9331330051920692
1767,0.6422796580435559,0.9334638490416518
1768,0.6519498419747793,0.9337947468049768
1769,0.6616849105432486,0.9341256985650795
1770,0.6714864252452376,0.9344567044049964
1771,0.681355947577019,0.9347877644077622
1772,0.6912950390348663,0.9351188786564134
1773,0.7013052611150523,0.935450047233985
1774,0.7113881753138503,0.9357812702235133
1775,0.7215453431275335,0.9361125477080334
1776,0.7317783260523748,0.9364438797705814
1777,0.7420886855846476,0.9367752664941926
1778,0.7524779832206251,0.9371067079619033
1779,0.7629477804565803,0.9374382042567484
1780,0.7734996387887864,0.937769755461764
1781,0.7841351197135163,0.9381013616599858
1782,0.7948557847270435,0.9384330229344494
1783,0.8056631953256411,0.9387647393681905
1784,0.8165589130055824,0.9390965110442445
1785,0.8275444992631401,0.9394283380456475
1786,0.8386215155945876,0.9397602204554352
1787,0.8497915234961981,0.9400921583566428
1788,0.8610560844642446,0.9404241518323063
1789,0.8724167599950005,0.9407562009654612
1790,0.8838751115847387,0.9410883058391437
1791,0.8954327007297326,0.9414204665363886
1792,0.9070910889262549,0.9417526831402321
1793,0.9188518376705792,0.94208495573371
1794,0.9307165084589786,0.942417284399858
1795,0.9426866627877258,0.9427496692217111
1796,0.9547638621530945,0.9430821102823056
1797,0.9669496680513577,0.943414607664677
1798,0.9792456419787885,0.9437471614518613
1799,0.99165334543166,0.9440797717268935
1800,0.06386100366440059,0.9612924088283762
1801,0.07272522632654897,0.961628102206932
1802,0.08155032613344958,0.9619638565169425
1803,0.09033786458137558,0.9622996718414432
1804,0.09908940316660007,0.9626355482634698
1805,0.10780650338539625,0.962971485866058
1806,0.11649072673403726,0.9633074847322436
1807,0.12514363470879625,0.9636435449450622
1808,0.13376678880594636,0.9639796665875493
1809,0.1423617505217607,0.9643158497427409
1810,0.15093008135251254,0.9646520944936725
1811,0.1594733427944749,0.9649884009233797
1812,0.16799309634392104,0.9653247691148982
1813,0.17649090349712399,0.9656611991512638
1814,0.18496832575035704,0.9659976911155123
1815,0.19342692459989322,0.9663342450906789
1816,0.20186826154200574,0.9666708611597996
1817,0.21029389807296775,0.9670075394059101
1818,0.21870539568905234,0.967344279912046
1819,0.2271043158865328,0.967681082761243
1820,0.23549222016168211,0.9680179480365366
1821,0.2438706700107735,0.9683548758209628
1822,0.25224122693008016,0.9686918661975572
1823,0.2606054524158752,0.9690289192493553
1824,0.26896490796443173,0.9693660350593927
1825,0.277321155072023,0.9697032137107056
1826,0.28567575523492206,0.9700404552863289
1827,0.2940302699494021,0.970377759869299
1828,0.30238626071173624,0.970715127542651
1829,0.31074528901819776,0.971052558389421
1830,0.3191089163650596,0.9713900524926444
1831,0.32747870424859504,0.9717276099353571
1832,0.33585621416507727,0.9720652308005946
1833,0.34424300761077936,0.9724029151713925
1834,0.35264064608197443,0.972740663130787
1835,0.36105069107493576,0.9730784747618131
1836,0.3694747040859364,0.9734163501475068
1837,0.37791424661124956,0.9737542893709037
1838,0.38637088014714827,0.9740922925150398
1839,0.39484616618990587,0.9744303596629502
1840,0.4033416662357953,0.9747684908976707
1841,0.4118589417810899,0.9751066863022375
1842,0.42039955432206266,0.9754449459596859
1843,0.4289650653549869,0.9757832699530515
1844,0.43755703637613563,0.9761216583653699
1845,0.446177028881782,0.9764601112796772
1846,0.45482660436819927,0.9767986287790087
1847,0.46350732433166053,0.9771372109464003
1848,0.47222075026843885,0.9774758578648873
1849,0.48096844367480757,0.9778145696175058
1850,0.4897519660470395,0.9781533462872914
1851,0.4985728788814083,0.9784921879572797
1852,0.5074327436741867,0.9788310947105063
1853,0.516333121921648,0.9791700666300068
1854,0.5252755751200654,0.9795091037988173
1855,0.5342616647657119,0.9798482062999732
1856,0.5432929523548607,0.98018737421651
1857,0.5523709993837852,0.9805266076314634
1858,0.5614973673487581,0.9808659066278697
1859,0.570673617746053,0.9812052712887636
1860,0.5799013120719428,0.9815447016971816
1861,0.5891820118227005,0.9818841979361588
1862,0.5985172784945997,0.9822237600887314
1863,0.6079086735839131,0.9825633882379345
1864,0.6173577585869141,0.9829030824668042
1865,0.6268660949998758,0.983242842858376
1866,0.6364352443190714,0.9835826694956858
1867,0.6460667680407738,0.9839225624617689
1868,0.6557622276612565,0.9842625218396613
1869,0.6655231846767925,0.9846025477123985
1870,0.6753512005836548,0.9849426401630165
1871,0.685247836878117,0.9852827992745504
1872,0.6952146550564516,0.9856230251300362
1873,0.7052532166149323,0.9859633178125095
1874,0.715365083049832,0.9863036774050062
1875,0.7255518158574239,0.9866441039905616
1876,0.7358149765339813,0.9869845976522118
1877,0.7461561265757769,0.987325158472992
1878,0.7565768274790844,0.9876657865359385
1879,0.7670786407401765,0.9880064819240862
1880,0.7776631278553265,0.9883472447204714
1881,0.7883318503208079,0.9886880750081294
1882,0.7990863696328933,0.9890289728700964
1883,0.8099282472878561,0.9893699383894073
1884,0.8208590447819696,0.9897109716490984
1885,0.8318803236115068,0.9900520727322049
1886,0.8429936452727406,0.990393241721763
1887,0.8542005712619446,0.990734478700808
1888,0.8655026630753919,0.9910757837523757
1889,0.8769014822093553,0.9914171569595017
1890,0.8883985901601081,0.991758598405222
1891,0.8999955484239236,0.9921001081725715
1892,0.9116939184970746,0.9924416863445868
1893,0.9234952618758347,0.9927833330043031
1894,0.9354011400564769,0.9931250482347561
1895,0.9474131145352743,0.9934668321189815
1896,0.9595327468085,0.9938086847400149
1897,0.9717615983724273,0.9941506061808921
1898,0.984101230723329,0.9944925965246489
1899,0.9965532053574786,0.9948346558543206
1900,0.06734423973506318,1.0125509607615863
1901,0.07619292377002707,1.0128967595235614
1902,0.08500309770755023,1.0132426317150582
1903,0.09377632304390583,1.013588577419112
1904,0.102514161275367,1.0139345967187587
1905,0.1112181738982069,1.0142806896970338
1906,0.11988992240869871,1.014626856436973
1907,0.12853096830311556,1.014973097021612
1908,0.13714287307773057,1.0153194115339865
1909,0.14572719822881688,1.0156658000571324
1910,0.15428550525264775,1.016012262674085
1911,0.16281935564549624,1.0163587994678802
1912,0.17133031090363543,1.0167054105215532
1913,0.17981993252333867,1.0170520959181404
1914,0.1882897820008789,1.017398855740677
1915,0.1967414208325294,1.017745690072199
1916,0.20517641051456334,1.018092598995742
1917,0.21359631254325373,1.0184395825943413
1918,0.22200268841487386,1.0187866409510329
1919,0.23039709962569685,1.0191337741488524
1920,0.23878110767199578,1.0194809822708355
1921,0.24715627405004387,1.019828265400018
1922,0.25552416025611424,1.0201756236194353
1923,0.2638863277864801,1.0205230570121233
1924,0.27224433813741444,1.0208705656611177
1925,0.28059975280519056,1.021218149649454
1926,0.28895413328608155,1.0215658090601678
1927,0.2973090410763607,1.021913543976295
1928,0.30566603767230094,1.0222613544808712
1929,0.3140266845701755,1.0226092406569323
1930,0.3223925432662576,1.0229572025875135
1931,0.3307651752568204,1.0233052403556508
1932,0.33914614203813687,1.0236533540443797
1933,0.34753700510648033,1.024001543736736
1934,0.3559393259581239,1.0243498095157555
1935,0.3643546660893406,1.0246981514644737
1936,0.3727845869964038,1.025046569665926
1937,0.38123065017558655,1.0253950642031489
1938,0.38969441712316194,1.025743635159177
1939,0.39817744933540317,1.026092282617047
1940,0.40668130830858346,1.0264410066597938
1941,0.4152075555389758,1.0267898073704536
1942,0.4237577525228536,1.0271386848320618
1943,0.43233346075648965,1.0274876391276542
1944,0.4409362417361575,1.027836670340266
1945,0.44956765695812995,1.0281857785529338
1946,0.45822926791868035,1.0285349638486927
1947,0.4669226361140817,1.0288842263105782
1948,0.4756493230406074,1.0292335660216259
1949,0.4844108901945304,1.0295829830648724
1950,0.49320889907212384,1.0299324775233525
1951,0.5020449111696609,1.030282049480102
1952,0.5109204879834147,1.030631699018157
1953,0.5198371910096585,1.0309814262205526
1954,0.5287965817446655,1.0313312311703249
1955,0.5378002216847086,1.0316811139505093
1956,0.5468496723260614,1.032031074644142
1957,0.5559464951649964,1.0323811133342577
1958,0.5650922516977873,1.0327312301038931
1959,0.5742885034207069,1.0330814250360831
1960,0.5835368118300287,1.033431698213864
1961,0.5928387384220256,1.0337820497202712
1962,0.6021958446929707,1.0341324796383404
1963,0.6116096921391373,1.034482988051107
1964,0.6210818422567985,1.0348335750416071
1965,0.6306138565422273,1.035184240692876
1966,0.6402072964916973,1.0355349850879498
1967,0.6498637236014811,1.0358858083098637
1968,0.6595846993678521,1.0362367104416537
1969,0.6693717852870837,1.0365876915663552
1970,0.6792265428554487,1.0369387517670048
1971,0.6891505335692202,1.0372898911266366
1972,0.6991453189246716,1.0376411097282876
1973,0.709212460418076,1.0379924076549927
1974,0.7193535195457065,1.038343784989788
1975,0.7295700578038363,1.038695241815709
1976,0.7398636366887383,1.0390467782157913
1977,0.7502358176966859,1.039398394273071
1978,0.7606881623239523,1.0397500900705834
1979,0.7712222320668105,1.040101865691364
1980,0.7818395884215339,1.040453721218449
1981,0.7925417928843953,1.0408056567348734
1982,0.8033304069516679,1.0411576723236737
1983,0.8142069921196251,1.0415097680678849
1984,0.8251731098845397,1.041861944050543
1985,0.8362303217426853,1.0422142003546835
1986,0.8473801891903346,1.0425665370633426
1987,0.8586242737237613,1.042918954259555
1988,0.8699641368392381,1.043271452026357
1989,0.8814013400330382,1.0436240304467843
1990,0.8929374448014346,1.0439766896038727
1991,0.9045740126407008,1.0443294295806573
1992,0.9163126050471099,1.0446822504601745
1993,0.9281547835169348,1.045035152325459
1994,0.9401021095464489,1.0453881352595475
1995,0.9521561446319253,1.0457411993454753
1996,0.964318450269637,1.0460943446662778
1997,0.9765905879558573,1.046447571304991
1998,0.9889741191868594,1.0468008793446506
1999,1.0014706054589164,1.047154268868292
