0.12651800961301707,0.18031297626084958
0.132117325523292,0.17979710562741846
0.13768241064353434,0.17928096020152443
0.1432141587245119,0.17876453932489147
0.14871342891423725,0.17824784233690114
0.15418104763064364,0.17773086857458106
0.15961781030640315,0.17721361737259275
0.16502448301639835,0.1766960880632195
0.17040180399735438,0.17617827997635457
0.17575048506823923,0.17566019243948855
0.18107121295924197,0.17514182477769755
0.1863646505564212,0.17462317631363036
0.1916314380684767,0.17410424636749647
0.19687219412151943,0.17358503425705313
0.20208751678720155,0.17306553929759305
0.2072779845491002,0.1725457608019316
0.21244415721183108,0.1720256980803939
0.21758657675698953,0.1715053504408022
0.22270576814967483,0.1709847171884628
0.22780224009904299,0.17046379762615305
0.23287648577605577,0.1699425910541082
0.23792898349133584,0.16942109677000824
0.24296019733580979,0.16889931406896463
0.2479705777866083,0.16837724224350686
0.2529605622805043,0.16785488058356893
0.2579305757569911,0.16733222837647593
0.2628810311729483,0.16680928490693034
0.2678123299906939,0.16628604945699824
0.2727248626410896,0.1657625213060956
0.27761900896324454,0.16523869973097402
0.28249513862225,0.16471458400570715
0.28735361150627664,0.1641901734016764
0.2921947781042704,0.16366546718755653
0.29701897986539705,0.16314046462930162
0.30182654954130606,0.16261516499013057
0.3066178115122111,0.16208956753051254
0.31139308209771704,0.1615636715081524
0.316152669853259,0.161037476177976
0.32089687585296645,0.16051098079211545
0.3256259939597049,0.1599841845998941
0.3303403110830058,0.15945708684781168
0.3350401074255442,0.158929686779529
0.3397256567187848,0.15840198363585295
0.34439722644837634,0.15787397665472092
0.34905507806983854,0.15734566507118578
0.353699467215052,0.1568170481173999
0.3583306438900306,0.15628812502259987
0.3629488526644247,0.15575889501309056
0.36755433285318095,0.15522935731222934
0.37214731869075296,0.15469951114041003
0.3767280394982401,0.15416935571504703
0.3812967198438043,0.15363889025055896
0.38585357969669787,0.15310811395835242
0.39039883457521524,0.15257702604680548
0.394932695688862,0.15204562572145583
0.3994553700750217,0.1515139121839737
0.4039670607303809,0.15098188463412976
0.40846796673736235,0.15044954226786914
0.4129582833857985,0.14991688427835542
0.41743820229007,0.149383909854781
0.421907911501916,0.14885061818455136
0.4263675956191156,0.14831700845097515
0.43081743589022875,0.1477830798344169
0.43525761031557475,0.1472488315125848
0.4396882937446148,0.14671426265829643
0.44410965796990154,0.14617937244285764
0.4485218718177448,0.14564416003372962
0.4529251012357382,0.14510862459510301
0.45731950937728433,0.14457276528787957
0.4617052566832455,0.14403658126965374
0.4660825009608475,0.14350007169469403
0.4704513974599483,0.14296323571392472
0.4748120989467883,0.14242607247490668
0.4791647557753246,0.14188858112181893
0.48350951595625186,0.14135076079543907
0.48784652522380534,0.14081261063312453
0.4921759271004371,0.14027412976879317
0.4964978629594548,0.13973531733290354
0.5008124720857025,0.13919617245243562
0.505119891734366,0.13865669425087102
0.5094202571879777,0.1381168818481729
0.5137137018116912,0.13757673436076612
0.5180003571068973,0.137036250901517
0.5222803527632456,0.13649543057971308
0.5265538167091341,0.13595427250104247
0.5308208751607291,0.13541277576757338
0.5350816526695702,0.13487093947773332
0.5393362721688179,0.13432876272628805
0.543584855018194,0.1337862446043208
0.5478275210476674,0.13324338419921056
0.5520643885999318,0.1327001805946112
0.5562955745717213,0.1321566328704295
0.5605211944540117,0.13161274010280366
0.5647413623711439,0.13106850136408135
0.5689561911189159,0.1305239157227978
0.5731657922016782,0.12997898224365328
0.577370275868473,0.1294336999874911
0.5815697511482516,0.12888806801127486
0.5857643258842039,0.1283420853680657
0.5899541067672359,0.12779575110699967
0.5941391993686236,0.1272490642732644
0.5983197081718772,0.12670202390807606
0.6024957366038424,0.12615462904865585
0.606667387065068,0.12560687872820653
0.6108347609594694,0.12505877197588858
0.6149979587233111,0.12451030781679628
0.6191570798535337,0.12396148527193365
0.6233122229354531,0.12341230335819009
0.6274634856698513,0.12286276108831587
0.6316109648994854,0.12231285747089754
0.6357547566350328,0.12176259151033306
0.6398949560804964,0.12121196220680656
0.6440316576580909,0.12066096855626345
0.6481649550326258,0.12010960955038465
0.6522949411354103,0.11955788417656106
0.6564217081876916,0.11900579141786784
0.6605453477236518,0.1184533302530382
0.6646659506129737,0.11790049965643737
0.6687836070829979,0.11734729859803583
0.6728984067404833,0.11679372604338303
0.6770104385929899,0.11623978095358035
0.6811197910698968,0.11568546228525409
0.6852265520430715,0.11513076899052804
0.6893308088472044,0.11457570001699634
0.6934326482998233,0.11402025430769534
0.6975321567209992,0.1134644308010761
0.7016294199527604,0.11290822843097591
0.7057245233782241,0.11235164612659015
0.7098175519404605,0.11179468281244363
0.7139085901610994,0.11123733740836164
0.7179977221586952,0.11067960882944129
0.722085031666856,0.11012149598602174
0.7261706020521542,0.10956299778365507
0.7302545163318259,0.1090041131230764
0.7343368571912713,0.10844484090017391
0.7384177070013664,0.10788518000595873
0.7424971478355976,0.10732512932653418
0.7465752614870271,0.10676468774306558
0.7506521294851021,0.1062038541317487
0.7547278331123153,0.1056426273637791
0.7588024534207272,0.10508100630532032
0.7628760712483605,0.10451898981747229
0.7669487672354761,0.10395657675623943
0.7710206218407364,0.10339376597249832
0.7750917153572724,0.10283055631196526
0.7791621279286552,0.10226694661516358
0.7832319395647878,0.10170293571745243
0.7873012301577217,0.10113852244868438
0.7913700794974096,0.100573705633798
0.7954385672874021,0.10000848409237113
0.7995067731604948,0.09944285663774792
0.8035747766943399,0.09887682207932079
0.8076426574270252,0.09831037922007611
0.8117104948726334,0.0977435268577814
0.8157783685367854,0.0971762637847041
0.8198463579321813,0.09660858878757621
0.8239145425941454,0.09604050064755802
0.8279830020961815,0.09547199814020234
0.8320518160655517,0.09490308003541784
0.8361210641988824,0.09433374509743248
0.8401908262778098,0.09376399208475625
0.8442611821846716,0.0931938197501441
0.8483322119182533,0.09262322684117957
0.8524039956096006,0.09205221209768867
0.8564766135379012,0.0914807742556222
0.8605501461464522,0.09090891204433386
0.8646246740587167,0.09033662418723058
0.8687002780944776,0.08976390940173325
0.8727770392861046,0.08919076639923713
0.8768550388949363,0.08861719388507182
0.8809343584277923,0.08804319055846088
0.8850150796536194,0.08746875511248137
0.8890972846202884,0.08689388623402276
0.8931810556715444,0.08631858260374546
0.8972664754641265,0.08574284289603937
0.9013536269850633,0.08516666577898152
0.9054425935691554,0.084590049914294
0.9095334589166582,0.0840129939573007
0.9136263071111709,0.08343549655688462
0.9177212226377481,0.08285755635544409
0.921818290401242,0.0822791719888488
0.9259175957448874,0.08170034208639566
0.9300192244691424,0.08112106527076403
0.9341232628507965,0.0805413401579706
0.9382297976623565,0.07996116535732407
0.9423389161917293,0.07938053947137912
0.9464507062622055,0.07879946109589021
0.9505652562527674,0.07821792881976493
0.954682655118726,0.07763594122501671
0.9588029924127075,0.07705349688671773
0.9629263583060047,0.07647059437295053
0.12042893631311799,0.26380913415901863
0.12606628207445655,0.26333174083756494
0.13166839021956142,0.2628541577593429
0.13723619415004923,0.2623763845376371
0.1427705904843778,0.26189842078473274
0.14827244108178145,0.2614202661116324
0.15374257492571694,0.26094192012840245
0.15918178987855938,0.2604633824439977
0.16459085431814485,0.25998465266623977
0.1699705086657439,0.25950573040183866
0.1753214668141417,0.25902661525638737
0.18064441746369575,0.2585473068343579
0.18594002537351853,0.25806780473909596
0.1912089325342859,0.25758810857281694
0.1964517592685919,0.25710821793660105
0.20166910526425025,0.25662813243038823
0.2068615505454718,0.25614785165297393
0.21202965638642687,0.2556673752020039
0.2171739661713182,0.2551867026739698
0.22229500620474757,0.2547058336642042
0.22739328647584423,0.2542247677668756
0.23246930137934452,0.25374350457498374
0.23752353039655297,0.25326204368035476
0.242556438738883,0.2527803846736361
0.24756847795646425,0.25229852714429185
0.25256008651411044,0.2518164706805972
0.25753169033676493,0.25133421486963436
0.2624837033263828,0.2508517592972863
0.26741652785205916,0.2503691035482333
0.2723305552150819,0.2498862472059461
0.27722616609046263,0.2494031898526822
0.2821037309463871,0.24891993106948007
0.286963610442925,0.2484364704361541
0.29180615581124236,0.24795280753128934
0.2966317092144726,0.24746894193223656
0.3014406040913245,0.24698487321510673
0.30623316548342844,0.24650060095476586
0.31100971034735647,0.24601612472482953
0.3157705478521889,0.24553144409765795
0.32051597966343975,0.24504655864435032
0.3252463002141037,0.2445614679347393
0.32996179696353434,0.24407617153738587
0.33466275064481915,0.24359066901957388
0.3393494355012748,0.24310495994730433
0.34402211951264466,0.24261904388529018
0.34868106461154813,0.24213292039695056
0.3533265268906905,0.24164658904440514
0.3579587568013201,0.24116004938846905
0.3625779993433805,0.24067330098864653
0.36718449424778515,0.24018634340312583
0.37177847615121395,0.23969917618877326
0.3763601747638065,0.23921179890112748
0.3809298150301073,0.2387242110943939
0.3854876172835951,0.23823641232143863
0.39003379739511235,0.23774840213378293
0.39456856691548875,0.23726018008159727
0.39909213321264037,0.23677174571369536
0.40360469960340684,0.23628309857752833
0.4081064654803769,0.23579423821917872
0.41259762643393677,0.23530516418335456
0.4170783743697649,0.23481587601338338
0.42154889762198267,0.23432637325120603
0.4260093810621613,0.23383665543737076
0.43046000620437286,0.2333467221110269
0.4349009513064639,0.23285657280991892
0.4393323914677225,0.23236620707038028
0.4437544987230975,0.23187562442732676
0.44816744213412235,0.2313848244142509
0.45257138787669,0.23089380656321512
0.4569664993258138,0.23040257040484574
0.46135293713750525,0.22991111546832643
0.46573085932789315,0.22941944128139188
0.47010042134970154,0.22892754737032145
0.4744617761661975,0.2284354332599325
0.4788150743227154,0.2279430984735742
0.4831604640158618,0.22745054253312053
0.48749809116049125,0.22695776495896416
0.4918280994545525,0.22646476527000972
0.49615063044188595,0.2259715429836667
0.5004658235730598,0.22547809761584356
0.5047738162643239,0.2249844286809402
0.5090747439547557,0.2244905356918417
0.5133687401616716,0.2239964181599114
0.5176559365343744,0.22350207559498386
0.5219364629063,0.22300750750535828
0.5262104473456285,0.22251271339779125
0.5304780162044194,0.22201769277749012
0.5347392941663294,0.22152244514810568
0.5389944042929661,0.22102697001172525
0.5432434680689323,0.22053126686886576
0.5474866054456107,0.2200353352184662
0.5517239348837361,0.21953917455788088
0.5559555733948047,0.21904278438287195
0.5601816365813616,0.21854616418760228
0.5644022386762104,0.21804931346462805
0.5686174925805858,0.21755223170489157
0.5728275099013288,0.21705491839771374
0.5770324009871007,0.21655737303078665
0.5812322749636734,0.21605959509016617
0.5854272397683289,0.21556158406026446
0.5896174021834049,0.21506333942384231
0.5938028678690127,0.21456486066200162
0.5979837413949648,0.2140661472543519
0.6021601262719349,0.2135671986781488
0.6063321249818865,0.21306801440994266
0.6104998390077883,0.2125685939240017
0.6146633688626529,0.2120689366930548
0.6188228141179151,0.21156904218817044
0.6229782734311803,0.21106890987826757
0.6271298445733643,0.2105685392311145
0.6312776244552466,0.21006792971253307
0.6354217091534617,0.20956708078660793
0.6395621939359468,0.209065991915678
0.6436991732868679,0.2085646625603287
0.6478327409310436,0.20806309217938324
0.6519629898578876,0.20756128022989487
0.656090012344884,0.2070592261671382
0.6602138999806181,0.20655692944460105
0.6643347436873774,0.20605438951397598
0.6684526337433403,0.20555160582515175
0.6725676598043682,0.2050485778262051
0.676679910925418,0.20454530496339174
0.6807894755815885,0.20404178668113815
0.684896441688818,0.2035380224220325
0.6890008966242444,0.20303401162681642
0.6931029272462452,0.2025297537343759
0.6972026199141682,0.2020252481817325
0.7013000605077676,0.20152049440403463
0.7053953344463587,0.20101549183454837
0.7094885267077017,0.2005102399046486
0.7135797218466312,0.20000473804381025
0.7176690040134369,0.1994989856795985
0.721756456972014,0.19899298223766052
0.7258421641177887,0.1984867271417155
0.7299262084954364,0.19798021981354572
0.7340086728163958,0.19747345967298738
0.7380896394761969,0.19696644613792066
0.7421691905716078,0.19645917862426118
0.7462474079176152,0.19595165654594954
0.7503243730642439,0.19544387931494234
0.7544001673132308,0.1949358463412026
0.7584748717345562,0.19442755703268974
0.7625485671828499,0.19391901079534996
0.7666213343136742,0.19341020703310666
0.7706932535996979,0.19290114514785048
0.7747644053467699,0.19239182453942927
0.778834869709898,0.1918822446056381
0.7829047267091473,0.19137240474220946
0.7869740562454618,0.19086230434280285
0.7910429381164231,0.1903519427989948
0.7951114520319488,0.18984131950026875
0.7991796776299464,0.1893304338340044
0.8032476944919257,0.18881928518546773
0.8073155821585808,0.1883078729378002
0.8113834201453487,0.1877961964720087
0.8154512879579566,0.18728425516695452
0.8195192651079609,0.18677204839934303
0.8235874311282917,0.1862595755437131
0.8276558655888078,0.18574683597242583
0.831724648111872,0.18523382905565436
0.8357938583879555,0.1847205541613724
0.8398635761912799,0.1842070106553437
0.8439338813955048,0.1836931979011107
0.8480048539894693,0.18317911525998365
0.8520765740929976,0.18266476209102936
0.8561491219727781,0.1821501377510598
0.8602225780583201,0.181635241594621
0.8642970229580039,0.18112007297398156
0.8683725374752279,0.18060463123912116
0.8724492026246649,0.18008891573771896
0.8765270996486343,0.1795729258151422
0.8806063100336042,0.1790566608144343
0.8846869155268261,0.17854012007630307
0.8887689981531199,0.17802330293910912
0.8928526402318099,0.1775062087388536
0.8969379243938321,0.17698883680916638
0.9010249335990141,0.17647118648129426
0.9051137511535433,0.17595325708408804
0.9092044607276317,0.17543504794399112
0.9132971463733897,0.1749165583850266
0.9173918925429174,0.17439778772878536
0.9214887841066299,0.17387873529441297
0.9255879063718205,0.17335940039859773
0.9296893451014818,0.17283978235555772
0.93379318653339,0.1723198804770282
0.9378995173994714,0.17179969407224868
0.9420084249454564,0.1712792224479499
0.9461199969508428,0.17075846490834132
0.9502343217491732,0.17023742075509757
0.9543514882486475,0.1697160892873456
0.9584715859530815,0.1691944698016511
0.11429759534053491,0.34185023097060735
0.11997410600514671,0.34140005091518805
0.125614326746849,0.34094973368199466
0.13121923316002634,0.34049927901893046
0.1367897616962825,0.3400486866733202
0.14232681185484292,0.3395979563919087
0.14783124821833382,0.33914708792085835
0.15330390234707403,0.3386960810057474
0.15874557454371646,0.3382449353915679
0.1641570354989246,0.33779365082272356
0.16953902782774255,0.33734222704302746
0.1748922675054064,0.3368906637957007
0.18021744521052763,0.33643896082336966
0.18551522758285144,0.3359871178680641
0.19078625840214053,0.3355351346712152
0.19603115969414994,0.33508301097365334
0.20125053276913102,0.334630746515606
0.20644495919783218,0.3341783410366958
0.21161500172953668,0.33372579427593824
0.21676120515629194,0.3332731059717394
0.22188409712714058,0.3328202758618943
0.22698418891584504,0.332367303683584
0.2320619761453176,0.33191418917337423
0.23711793947170345,0.3314609320672127
0.2421525452308364,0.33100753210042705
0.24716624604956733,0.3305539890077227
0.25215948142427624,0.3301003025231807
0.2571326782686971,0.3296464723802551
0.26208625143302827,0.32919249831177166
0.2670206041961475,0.3287383800499244
0.27193612873262285,0.32828411732627466
0.2768332065560791,0.3278297098717475
0.28171220894037363,0.3273751574166304
0.2865734973199263,0.3269204596905711
0.2914174236704555,0.3264656164225741
0.29624433087128316,0.32601062734099995
0.3010545530502932,0.3255554921735618
0.30584841591254913,0.3251002106473236
0.3106262370535141,0.32464478248869744
0.3153883262577483,0.32418920742344187
0.3201349857839026,0.3237334851766587
0.3248665106367739,0.3232776154727913
0.3295831888271367,0.3228215980356219
0.33428530162001985,0.32236543258826933
0.3389731237720537,0.3219091188531867
0.34364692375847594,0.32145265655215877
0.34830696399034433,0.3209960454062998
0.35295350102247186,0.32053928513605096
0.35758678575257064,0.3200823754611781
0.3622070636120551,0.31962531610076905
0.3668145747489361,0.3191681067732313
0.3714095542032032,0.3187107471962895
0.3759922320750767,0.3182532370869832
0.38056283368648236,0.31779557616166393
0.3851215797360851,0.31733776413599296
0.38966868644819713,0.31687980072493915
0.3942043657158586,0.3164216856427756
0.3987288252383701,0.31596341860307786
0.40324226865354423,0.315504999318721
0.4077448956649248,0.3150464275018771
0.41223690216421094,0.3145877028640131
0.41671848034911046,0.3141288251158873
0.4211898188368317,0.3136697939675477
0.42565110277341717,0.31321060912832904
0.4301025139391049,0.3127512703068502
0.43454423084990107,0.3122917772110113
0.43897642885552945,0.31183212954799155
0.443399280233922,0.3113723270242463
0.4478129542824042,0.31091236934550437
0.4522176174057157,0.31045225621676553
0.45661343320101017,0.3099919873422978
0.461000562539959,0.30953156242563457
0.46537916364808957,0.3090709811695718
0.4697493921814693,0.30861024327641884
0.4741114013008539,0.30814934844678826
0.4784653417434035,0.3076882963818384
0.4828113618920683,0.30722708678129396
0.48714960784274236,0.3067657193441826
0.49148022346927606,0.3063041937688341
0.49580335048643637,0.3058425097527889
0.500119128510897,0.3053806669928158
0.5044276951203407,0.3049186651849793
0.5087291859107481,0.30445650402455116
0.5130237345519466,0.3039941832060351
0.5173114728414874,0.3035317024231642
0.52159253075692,0.3030690613688978
0.525867036506524,0.3026062597354185
0.5301351165785615,0.3021432972141296
0.5343968957891051,0.3016801734956519
0.538652497328501,0.30121688826982096
0.5429020428065159,0.3007534412256837
0.547145652296221,0.3002898320514963
0.551383444376661,0.29982606043472004
0.555615536174354,0.29936212606201945
0.5598420434036676,0.2988980286192586
0.5640630804061155,0.2984337677914982
0.5682787601886091,0.2979693432629929
0.572489194460714,0.2975047547171876
0.5766944936709387,0.2970400018367151
0.5808947670420979,0.29657508430339236
0.585090122605783,0.29611000179821817
0.5892806672359745,0.29564475400136897
0.5934665066818259,0.29517934059219686
0.5976477455996525,0.29471376124922566
0.6018244875841544,0.29424801565014813
0.6059968351988998,0.2937821034718227
0.6101648900060996,0.29331602439027027
0.614328752595698,0.29284977808067086
0.6184885226138029,0.29238336421736083
0.6226442987904853,0.2919167824738292
0.6267961789669656,0.29145003252271456
0.6309442601222144,0.29098311403580174
0.6350886383989879,0.2905160266840189
0.6392294091293179,0.29004877013743346
0.6433666668594801,0.2895813440652497
0.6475005053744572,0.28911374813580476
0.6516310177219191,0.2886459820165655
0.6557582962357351,0.2881780453741253
0.6598824325590404,0.2877099378742003
0.6640035176668706,0.2872416591816266
0.6681216418883827,0.28677320896035613
0.672236894928679,0.2863045868734538
0.676349365890249,0.2858357925830938
0.6804591432940456,0.285366825750556
0.6845663151002089,0.284897686036223
0.6886709687284545,0.28442837309957597
0.692773191078137,0.28395888659919144
0.6968730685480061,0.283489226192738
0.7009706870556666,0.2830193915369723
0.7050661320567528,0.2825493822877359
0.7091594885638368,0.28207919809995136
0.7132508411650756,0.28160883862761865
0.7173402740426122,0.28113830352381186
0.7214278709907441,0.28066759244067535
0.725513715433867,0.28019670502941996
0.7295978904442078,0.2797256409403195
0.7336804787593564,0.2792543998227071
0.7377615627996066,0.2787829813249713
0.7418412246851191,0.2783113850945525
0.7459195462529133,0.2778396107779393
0.7499966090736998,0.2773676580206643
0.754072494468566,0.27689552646730087
0.7581472835255187,0.27642321576145884
0.762221057115899,0.2759507255457811
0.7662938959106762,0.2754780554619395
0.7703658803966291,0.2750052051506309
0.7744370908924277,0.27453217425157384
0.7785076075646196,0.27405896240350364
0.7825775104435335,0.27358556924416966
0.786646879439109,0.27311199441033035
0.7907157943566565,0.27263823753774996
0.7947843349125634,0.27216429826119415
0.7988525807499492,0.2716901762144263
0.8029206114542823,0.27121587103020306
0.8069885065689629,0.27074138234027084
0.8110563456108839,0.27026670977536144
0.8151242080859786,0.26979185296518793
0.8191921735047605,0.26931681153844056
0.8232603213978659,0.26884158512278283
0.827328731331609,0.2683661733448471
0.8313974829235545,0.2678905758302307
0.83546665585812,0.2674147922034912
0.8395363299022136,0.2669388220881428
0.8436065849209181,0.266462665106652
0.8476775008932284,0.265986320880433
0.8517491579278508,0.26550978902984357
0.8558216362790763,0.2650330691741809
0.8598950163627304,0.26455616093167716
0.863969378772216,0.2640790639194952
0.8680448042946514,0.2636017777537241
0.8721213739271177,0.26312430204937487
0.8761991688930229,0.26264663642037595
0.8802782706585907,0.2621687804795688
0.8843587609494864,0.26169073383870367
0.8884407217675868,0.26121249610843456
0.8925242354079075,0.2607340668983154
0.8966093844756925,0.260255445816795
0.9006962519036816,0.25977663247121274
0.9047849209695632,0.25929762646779386
0.9088754753136216,0.2588184274116451
0.9129679989565944,0.25833903490691806
0.9170625763177472,0.2578594485559861
0.9211592922331766,0.2573796679610083
0.9252582319743567,0.25689969272247
0.9293594812669379,0.25641952243981
0.933463126309809,0.25593915671138967
0.937569253794441,0.2554585951341627
0.9416779509245192,0.25497783730422696
0.9457893054358776,0.2544968828164101
0.9499034056167531,0.2540157312643733
0.9540203403283711,0.25353438224060737
0.10812270610192827,0.415961466653574
0.11383956894280661,0.4155312161590122
0.11951904110636387,0.4151008640926486
0.12516214313434976,0.4146704102769216
0.13076985386855322,0.41423985453393414
0.13634311282471828,0.4138091966854537
0.1418828223959923,0.41337843655291073
0.14738984990063347,0.41294757395739784
0.15286502948722516,0.41251660871966844
0.1583091639093327,0.41208554066013614
0.16372302618037435,0.4116543695988734
0.16910736111844626,0.41122309535561063
0.1744628867899152,0.4107917177497353
0.17979029585977435,0.41036023660029003
0.1850902568560199,0.40992865172597304
0.19036341535464887,0.4094969629451356
0.19561039509128816,0.4090651700757819
0.2008317990049342,0.4086332729355677
0.2060282102188061,0.40820127134179907
0.21120019296288495,0.4077691651114316
0.21634829344232506,0.4073369540610692
0.22147304065557133,0.40690463800696297
0.22657494716570167,0.4064722167650104
0.23165450982822486,0.4060396901507537
0.236712210478305,0.4056070579793792
0.2417485165801472,0.40517432006571613
0.24676388184106274,0.40474147622423556
0.2517587467925381,0.40430852626904895
0.2567335393404533,0.40387547001390756
0.26168867528643075,0.40344230727220093
0.2666245588221499,0.4030090378569559
0.2715415829983239,0.4025756615808356
0.2764401301699134,0.4021421782561381
0.2813205724190345,0.40170858769479545
0.2861832719569181,0.4012748897083723
0.29102858150617655,0.4008410841080651
0.29585684466455037,0.40040717070470083
0.3006683962512221,0.3999731493087356
0.3054635626367133,0.39953901973025385
0.31024266205730855,0.39910478177896697
0.31500600491489006,0.39867043526421225
0.3197538940630038,0.3982359799949514
0.3244866250799285,0.39780141577977013
0.3292044865294646,0.39736674242687603
0.333907760210116,0.39693195974409806
0.3385967213932944,0.39649706753888486
0.3432716390511356,0.39606206561830426
0.34793277607447953,0.39562695378904134
0.3525803894815348,0.39519173185739753
0.35721473061770986,0.39475639962928966
0.36183604534707264,0.39432095691024827
0.36644457423586474,0.39388540350553636
0.37104055272847314,0.3934497392195796
0.3756242113162426,0.3930139638570165
0.38019577569948215,0.39257807722178023
0.3847554669430054,0.39214207911743365
0.3893035016255194,0.39170596934716767
0.39384009198316344,0.39126974771376755
0.39836544604747787,0.39083341401963023
0.40287976777807005,0.39039696806676066
0.4073832571902305,0.389960409656761
0.4118761104777334,0.38952373859083417
0.416358520131049,0.389086954669782
0.4208306750511798,0.38865005769400396
0.42529276065932015,0.3882130474634962
0.4297449590025313,0.3877759237778499
0.4341874488556116,0.3873386864362504
0.438620405819331,0.3869013352374754
0.4430440024151952,0.38646386997989407
0.4474584081768896,0.38602629046146564
0.45186378973855074,0.3855885964797379
0.45626031092000263,0.38515078783184636
0.4606481328090905,0.38471286431451207
0.46502741384123464,0.3842748257240415
0.4693983098763258,0.383836671856324
0.4737609742730724,0.3833984025068313
0.47811555796090777,0.3829600174706158
0.48246220950956076,0.3825215165423094
0.4868010751963848,0.3820828995161219
0.49113229907153927,0.38164416618584
0.49545602302111136,0.3812053163448254
0.4997723868282626,0.3807663497860142
0.5040815282324792,0.38032726630191477
0.5083835829870043,0.379888065684607
0.5126786849145233,0.3794487477257403
0.516966965961175,0.37900931221653267
0.5212485562489501,0.3785697589477693
0.5255235841265463,0.37813008770980083
0.5297921762187364,0.3776902982925423
0.5340544574743105,0.3772503904854714
0.5383105512126447,0.37681036407762747
0.5425605791689534,0.3763702188576098
0.5468046615382725,0.3759299546135762
0.551042917018224,0.37548957113324144
0.5552754628506092,0.37504906820387635
0.5595024148618732,0.3746084456123058
0.5637238875024854,0.37416770314490744
0.5679399938852762,0.37372684058761035
0.5721508458227695,0.3732858577258934
0.57635655386355,0.37284475434478404
0.5805572273276981,0.37240353022885647
0.5847529743413316,0.3719621851622304
0.5889439018702859,0.3715207189285696
0.5931301157529633,0.37107913131108017
0.5973117207323841,0.3706374220925093
0.6014888204874712,0.3701955910551436
0.6056615176635909,0.36975363798080774
0.609829913902384,0.36931156265086257
0.6139941098709095,0.3688693648462041
0.6181542052901291,0.3684270443472617
0.6223102989627541,0.3679846009339966
0.6264624888004823,0.3675420343859001
0.6306108718506434,0.36709934448199266
0.6347555443222798,0.3666565310008217
0.6388966016116797,0.36621359372046014
0.6430341383273868,0.3657705324185054
0.6471682483147027,0.36532734687207696
0.651299024679705,0.36488403685781556
0.6554265598127981,0.3644406021518811
0.6595509454118131,0.36399704252995124
0.6636722725046771,0.36355335776721975
0.6677906314716672,0.36310954763839504
0.6719061120672646,0.3626656119176983
0.6760188034416285,0.3622215503788622
0.6801287941616992,0.36177736279512884
0.6842361722319512,0.3613330489392486
0.6883410251148062,0.3608886085834781
0.6924434397507246,0.36044404149957876
0.6965435025779841,0.359999347458815
0.7006412995521626,0.35955452623195294
0.7047369161653373,0.3591095775892581
0.7088304374650121,0.3586645013004943
0.7129219480727848,0.3582192971349219
0.7170115322027696,0.3577739648612956
0.7210992736797827,0.3573285042478635
0.725185255957303,0.3568829150623648
0.7292695621352232,0.35643719707202837
0.7333522749773956,0.35599135004357085
0.73743347692899,0.35554537374319534
0.7415132501336686,0.3550992679365892
0.745591676450592,0.35465303238892226
0.7496688374712652,0.35420666686484575
0.7537448145362329,0.3537601711284897
0.7578196887516342,0.3533135449434619
0.7618935410056276,0.35286678807284544
0.765966451984693,0.35241990027919756
0.7700385021898237,0.3519728813245475
0.7741097719526142,0.351525730970395
0.7781803414512546,0.351078448977708
0.78225029072644,0.35063103510692134
0.7863196996972063,0.3501834891179347
0.7903886481766951,0.34973581077011073
0.7944572158878642,0.3492879998222737
0.7985254824791473,0.34884005603270674
0.8025935275400712,0.34839197915915093
0.8066614306168425,0.3479437689588029
0.810729271227911,0.3474954251883131
0.814797128879517,0.34704694760378413
0.8188650830812306,0.3465983359607684
0.8229332133614958,0.34614959001426665
0.8270015992831822,0.34570070951872606
0.8310703204591577,0.345251694228038
0.8351394565678866,0.34480254389553666
0.8392090873690656,0.3443532582739965
0.8432792927193026,0.34390383711582195
0.84735015258785,0.34345428017213525
0.8514217470723993,0.34300458719446203
0.8554941564149463,0.3425547579332517
0.8595674610177376,0.34210479213842176
0.8636417414593017,0.341654689559356
0.8677170785105827,0.34120444994484683
0.8717935531511761,0.34075407304311023
0.8758712465856843,0.34030355860181183
0.8799502402601945,0.33985290636802484
0.8840306158788934,0.3394021160882411
0.8881124554208261,0.3389511875083698
0.8921958411568081,0.33850012037373456
0.8962808556665037,0.33804891442907214
0.9003675818556779,0.33759756941853003
0.9044561029736334,0.3371460850856644
0.9085465026308431,0.3366944611734382
0.9126388648167887,0.33624269742421875
0.9167332739180184,0.3357907935797763
0.9208298147364319,0.33533874938128116
0.9249285725078046,0.3348865645693021
0.9290296329205675,0.33443423888380414
0.933133082134848,0.33398177206414636
0.9372390068017893,0.3335291638490798
0.9413474940831582,0.3330764139767453
0.9454586316712577,0.33262352218467156
0.9495725078091521,0.33217048820977263
0.10190292798013151,0.48716900654564516
0.10766138595953187,0.4867535804561684
0.11338130083940506,0.486338078656174
0.11906374109830316,0.4859225010125131
0.1247097307394792,0.48550684739183175
0.13032025186746507,0.48509111766056967
0.13589624707638231,0.4846753116849605
0.14143862166653148,0.4842594293310304
0.14694824570411363,0.48384347046459847
0.15242595593744404,0.4834274349512753
0.15787255758169352,0.4830113226564629
0.16328882598301808,0.48259513344535354
0.16867550817189425,0.48217886718292996
0.1740333243145456,0.48176252373396405
0.17936296907051769,0.4813461029630169
0.1846651128637154,0.4809296047344376
0.18994040307355373,0.4805130289123633
0.19518946515227661,0.48009637536071786
0.20041290367396425,0.47967964394321155
0.20561130332026828,0.47926283452334123
0.21078522980748002,0.47884594696438837
0.21593523075914772,0.4784289811294195
0.2210618365281038,0.478011936881285
0.2261655609714448,0.47759481408261917
0.2312469021817177,0.47717761259583874
0.23630634317730245,0.47676033228314285
0.24134435255474412,0.47634297300651235
0.24636138510556957,0.47592553462770915
0.2513578823999283,0.4755080170082755
0.25633427333921543,0.47509042000953366
0.26129097467967277,0.4746727434925847
0.2662283915288119,0.4742549873183088
0.2711469178163691,0.4738371513473636
0.27604693674137376,0.47341923544028747
0.28092882119679924,0.473001239457016
0.28579293417315776,0.472583163257753
0.29063962914230707,0.47216500670223893
0.2954692504226441,0.4717467696499979
0.30028213352678274,0.4713284519603365
0.3050786054927344,0.47091005349234155
0.3098589851995437,0.47049157410486825
0.31462358366826326,0.4700730136565493
0.31937270434909965,0.46965437200578697
0.3241066433954988,0.4692356490107548
0.3288256899258976,0.4688168445293963
0.333530126273815,0.468397958419425
0.3382202282269163,0.46797899053832265
0.3428962652556442,0.46755994074334034
0.3475585007319703,0.4671408088914962
0.35220719213878937,0.46672159483957504
0.35684259127044454,0.46630229844412896
0.3614649444248435,0.4658829195614751
0.3660744925875956,0.4654634580476957
0.3706714716085767,0.4650439137586372
0.375256112371303,0.46462428654991006
0.3798286409554725,0.4642045762768876
0.3843892787930127,0.4637847827947053
0.3889382428179537,0.4633649059582604
0.39347574561042564,0.4629449456222113
0.39800199553506577,0.4625249016409761
0.4025171968741019,0.4621047738687333
0.40702154995536477,0.4616845621594194
0.41151525127546706,0.46126426636672996
0.4159984936183782,0.4608438863441175
0.42047146616960307,0.46042342194479174
0.42493435462617124,0.46000287302171805
0.4293873413026259,0.4595822394276179
0.43383060523319183,0.45916152101496677
0.4382643222702988,0.45874071763599483
0.44268866517961636,0.458319829142685
0.447103803731761,0.4578988553867733
0.4515099047908167,0.4574777962197474
0.45590713239981057,0.45705665149284613
0.46029564786327515,0.45663542105705884
0.46467560982702166,0.45621410476312474
0.46904717435524423,0.45579270246153186
0.4734104950050686,0.4553712140025168
0.4777657228986516,0.4549496392360636
0.4821130067929357,0.4545279780119031
0.48645249314715483,0.45410623017951246
0.4907843261881855,0.45368439558811396
0.49510864797383086,0.45326247408667497
0.4994255984541227,0.4528404655239063
0.5037353155307221,0.4524183697482623
0.5080379351144944,0.45199618660793944
0.5123335911813331,0.4515739159508762
0.5166224158263022,0.45115155762475184
0.520904539316163,0.45072911147698574
0.52518009014035,0.4503065773547371
0.5294491950604576,0.44988395510490337
0.533711979158293,0.44946124457412007
0.5379685658825557,0.44903844560875994
0.5422190770941919,0.44861555805493203
0.5464636331104782,0.4481925817584812
0.5507023527478836,0.44776951656498704
0.5549353533637538,0.4473463623197633
0.5591627508968654,0.4469231188678569
0.5633846599068925,0.44649978605404755
0.5676011936128246,0.44607636372284654
0.5718124639303801,0.4456528517184963
0.576018581508448,0.44522924988496915
0.5802196557645982,0.4448055580659673
0.5844157949196929,0.4443817761049213
0.5886071060316342,0.4439579038449894
0.5927936950282805,0.44353394112905703
0.5969756667395599,0.443109887799736
0.6011531249288147,0.4426857436993634
0.6053261723234026,0.4422615086700008
0.6094949106445823,0.441837182553434
0.6136594406367126,0.44141276519117134
0.617819862095788,0.44098825642444367
0.621976273897337,0.4405636560942031
0.6261287740237065,0.4401389640411225
0.6302774595907539,0.4397141801055941
0.6344224268739734,0.4392893041277294
0.6385637713340712,0.43886433594735774
0.6427015876420166,0.438439275404026
0.6468359697035857,0.4380141223369973
0.6509670106834168,0.43758887658525025
0.655094803028598,0.43716353798747853
0.6592194384918029,0.4367381063820895
0.6633410081539942,0.43631258160720365
0.6674596024467099,0.4358869635006537
0.6715753111739499,0.43546125189998364
0.6756882235336789,0.43503544664244803
0.6797984281389584,0.4346095475650113
0.6839060130387293,0.4341835545043464
0.6880110657382502,0.4337574672968343
0.6921136732192145,0.4333312857785632
0.6962139219595535,0.4329050097853272
0.7003118979529432,0.43247863915262585
0.7044076867280255,0.4320521737156632
0.7085013733673562,0.4316256133093471
0.7125930425260943,0.4311989577682877
0.7166827784504423,0.430772206926797
0.7207706649958504,0.43034536061888834
0.7248567856449968,0.4299184186782745
0.7289412235255521,0.429491380938368
0.7330240614277443,0.429064247232279
0.7371053818217295,0.42863701739281534
0.7411852668747815,0.4282096912524815
0.7452637984683114,0.42778226864347696
0.7493410582147262,0.4273547493976962
0.7534171274741347,0.4269271333467274
0.757492087370915,0.42649942032185123
0.7615660188101477,0.42607161015404055
0.765639002493929,0.425643702673959
0.7697111189375697,0.4252156977119604
0.7737824484856928,0.42478759509808733
0.7778530713282331,0.4243593946620708
0.781923067516355,0.42393109623332903
0.7859925169782924,0.42350269964116605
0.7900614995351203,0.4230742047138396
0.7941300949164678,0.4226456112802367
0.7981983827761832,0.4222169191684729
0.8022664427079522,0.4217881282063622
0.8063343542608901,0.4213592382214153
0.8104021969551028,0.42093024904083753
0.8144700502972381,0.42050116049150044
0.8185379937960238,0.4200719723999699
0.8226061069778112,0.41964268459248366
0.826674469402127,0.4192132968949568
0.8307431606772423,0.4187838091329794
0.8348122604757701,0.41835422113181686
0.838881848550296,0.4179245327164078
0.8429520047490551,0.41749474371136397
0.8470228090316597,0.4170648539409686
0.8510943414848884,0.4166348632291757
0.8551666823385465,0.4162047713996094
0.8592399119814034,0.41577457827556213
0.8633141109772187,0.41534428367999426
0.8673893600808664,0.41491388743553287
0.8714657402545631,0.4144833893644707
0.8755433326842114,0.41405278928876527
0.8796222187958697,0.41362208703003767
0.8837024802723547,0.41319128240957176
0.8877841990699877,0.4127603752483127
0.8918674574354962,0.41232936536686693
0.8959523379230758,0.4118982525854995
0.9000389234116294,0.4114670367241348
0.9041272971221879,0.4110357176023541
0.9082175426355278,0.4106042950393952
0.9123097439099922,0.4101727688541515
0.9164039852995307,0.4097411388651702
0.920500351571964,0.4093094048906525
0.9245989279274915,0.4088775667484509
0.9286998000174481,0.40844562425606956
0.9328030539633239,0.4080135772306624
0.936908776376061,0.40758142548903237
0.9410170543756377,0.4071491688476304
0.9451279756109552,0.406716807122554
0.09563685627409103,0.5562152056376743
0.10143821181300236,0.5558107876732019
0.10719981666269826,0.5554063139179632
0.11292279048775244,0.5550017842664927
0.1186082054607568,0.5545971986131946
0.12425708906311538,0.5541925568523429
0.12987042667753446,0.5537878588780817
0.13544916399083545,0.5533831045844235
0.14099420922378078,0.5529782938652501
0.14650643520289636,0.5525734266143114
0.15198668128776183,0.5521685027252256
0.15743575516590677,0.5517635220914782
0.1628544345262624,0.5513584846064229
0.16824346862106473,0.5509533901632795
0.17360357972516696,0.5505482386551351
0.1789354645008806,0.5501430299749427
0.1842397952757169,0.5497377640155214
0.18951722123972914,0.5493324406695559
0.19476836956855742,0.5489270598297199
0.19999384647773602,0.5485216213881111
0.20519423821334035,0.5481161252372359
0.21037011198361127,0.547710571269224
0.2155220168358035,0.5473049593760725
0.22065048448214536,0.5468992894496453
0.22575603007847764,0.546493561381672
0.23083915295884735,0.5460877750637495
0.23590033732906612,0.545681930387335
0.24094005292200535,0.5452760272437494
0.2459587556171799,0.5448700655241742
0.25095688802697347,0.544464045119653
0.25593488005168075,0.5440579659210892
0.26089314940537106,0.5436518278192474
0.26583210211443214,0.5432456307047517
0.2707521329905128,0.5428393744680863
0.2756536260794562,0.5424330589995943
0.28053695508770093,0.542026684189478
0.28540248378752164,0.5416202499277981
0.2902505664023814,0.5412137561044736
0.29508154797358105,0.5408072026092811
0.29989576470930634,0.5404005893318545
0.30469354431709894,0.539993916161685
0.3094752063207081,0.5395871829881204
0.31424106236221355,0.5391803897003644
0.31899141649025353,0.5387735361874767
0.3237265654351334,0.5383666223383727
0.3284467988715428,0.5379596480418226
0.33315239966956084,0.5375526131864515
0.3378436441345844,0.5371455176607384
0.34252080223677717,0.5367383613530166
0.3471841378305955,0.5363311441514725
0.3518339088649167,0.5359238659441462
0.35647036758426054,0.5355165266189298
0.3610937607215642,0.5351091260635683
0.3657043296829464,0.5347016641656583
0.3703023107248666,0.534294140812648
0.3748879351240631,0.5338865558918365
0.3794614293406315,0.5334789092903741
0.3840230151745823,0.5330712008952608
0.3885729099161989,0.5326634305933472
0.393111326490497,0.5322555982713325
0.39763847359607163,0.531847703815766
0.40215455583859794,0.5314397471130448
0.40665977385924273,0.5310317280494148
0.4111543244582249,0.5306236465109697
0.4156384007137499,0.5302155023836507
0.4201121920965365,0.5298072955532453
0.42457588458013484,0.529399025905389
0.42902966074722965,0.5289906933255623
0.43347369989211004,0.5285822976990922
0.4379081781194789,0.5281738389111506
0.4423332684397634,0.5277653168467547
0.44674914086108264,0.527356731390766
0.4511559624780208,0.5269480824278906
0.4555538975573419,0.5265393698426778
0.4599431076207812,0.5261305935195202
0.46432375152503946,0.5257217533426534
0.468695985539096,0.5253128491961557
0.47305996341895995,0.5249038809639468
0.47741583647996283,0.5244948485297883
0.4817637536666963,0.5240857517772831
0.4861038616206983,0.5236765905898746
0.4904363047459708,0.5232673648508465
0.49476122527242933,0.5228580744433222
0.4990787633173603,0.5224487192502648
0.5033890569449712,0.5220392991544763
0.5076922422241109,0.5216298140385972
0.5119884532842309,0.521220263785106
0.5162778223696601,0.5208106482763191
0.5205604798922595,0.5204009673943898
0.5248365544825208,0.5199912210213083
0.5291061730391698,0.5195814090389015
0.5333694607773339,0.5191715313288318
0.537626541275328,0.5187615877725968
0.541877536520115,0.5183515782515298
0.5461225669514906,0.517941502646798
0.5503617515050391,0.5175313608394031
0.554595207653913,0.5171211527101802
0.558823051449476,0.516710878139798
0.5630453975608543,0.5163005370087574
0.5672623593134393,0.5158901291973919
0.5714740487263789,0.5154796545858669
0.5756805765490964,0.5150691130541787
0.5798820522968747,0.5146585044821551
0.5840785842855382,0.514247828749454
0.588270279665269,0.5138370857355635
0.592457244453589,0.513426275319801
0.5966395835675364,0.5130153973813132
0.600817400855072,0.5126044517990751
0.6049907991257365,0.5121934384518901
0.6091598801805961,0.5117823572183892
0.6133247448414935,0.5113712079770303
0.6174854929796368,0.5109599906060984
0.6216422235435479,0.5105487049837046
0.6257950345863952,0.5101373509877858
0.629944023292733,0.509725928496104
0.634089286004672,0.5093144373862462
0.6382309182474984,0.5089028775356237
0.6423690147547669,0.5084912488214716
0.6465036694928826,0.5080795511208483
0.6506349756851972,0.5076677843106356
0.6547630258356318,0.5072559482675371
0.6588879117518498,0.5068440428680782
0.6630097245679931,0.5064320679886063
0.6671285547670027,0.5060200235052894
0.6712444922025356,0.5056079092941163
0.6753576261204982,0.5051957252308952
0.6794680451802091,0.5047834711912539
0.6835758374752064,0.5043711470506397
0.6876810905537162,0.5039587526843177
0.6917838914387923,0.5035462879673711
0.6958843266481466,0.5031337527747011
0.699982482213677,0.5027211469810254
0.7040784437007122,0.502308470460878
0.7081722962269816,0.5018957230886094
0.7122641244813239,0.501482904738385
0.7163540127421477,0.5010700152841856
0.7204420448956542,0.5006570545998061
0.7245283044538343,0.5002440225588557
0.7286128745722513,0.4998309190347567
0.7326958380676207,0.4994177439007443
0.7367772774351959,0.4990044970298662
0.7408572748659724,0.498591178295092
0.7449359122637212,0.49817778756880265
0.7490132712618586,0.4977643247237001
0.7530894332401656,0.49735078963205676
0.7571644793413643,0.49693718216596144
0.7612384904875639,0.49652350219731906
0.7653115473965806,0.496109749597849
0.7693837305981479,0.4956959242390771
0.77345512045002,0.49528202599234017
0.7775257971539796,0.4948680547287811
0.7815958407717626,0.4944540103193493
0.7856653312409032,0.4940398926348003
0.7897343483905108,0.4936257015456953
0.7938029719569878,0.4932114369224
0.7978712815996968,0.49279709863508525
0.8019393569165854,0.49238268655372536
0.8060072774597756,0.49196820054809814
0.8100751227511322,0.4915536404877843
0.8141429722978094,0.4911390062421666
0.8182109056077936,0.4907242976804297
0.8222790022054444,0.49030951467155964
0.8263473416470456,0.48989465708434277
0.8304160035363729,0.48947972478736546
0.8344850675402884,0.48906471764901394
0.8385546134043687,0.4886496355374733
0.8426247209685775,0.48823447832072675
0.8466954701829892,0.4878192458665557
0.8507669411235719,0.48740393804253873
0.8548392140080425,0.48698855471605107
0.8589123692117977,0.4865730957542643
0.8629864872839329,0.48615756102414504
0.8670616489633568,0.4857419503924556
0.8711379351950115,0.48532626372575244
0.8752154271462075,0.4849105008903858
0.879294206223081,0.48449466175249933
0.8833743540871873,0.4840787461780294
0.8874559526722341,0.48366275403270437
0.89153908420097,0.48324668518204433
0.8956238312022332,0.4828305394913603
0.8997102765281775,0.48241431682575375
0.9037985033716761,0.48199801705011575
0.9078885952839243,0.4815816400291268
0.9119806361922433,0.48116518562725585
0.9160747104181008,0.4807486537087599
0.9201709026953601,0.4803320441376837
0.9242692981887651,0.47991535677785846
0.9283699825126773,0.47949859149290164
0.9324730417500746,0.4790817481462168
0.9365785624718244,0.47866482660099186
0.9406866317562446,0.4782478267201997
0.08932301777980316,0.6236703914948248
0.09516863686096307,0.6232739650263713
0.1009732386861581,0.6228774989440257
0.10673799764311963,0.6224809931598808
0.11246403734341338,0.6220844475859474
0.118152433671767,0.6216878621341535
0.12380421760448601,0.6212912367164493
0.12942037781797627,0.6208945712443389
0.13500186310616663,0.6204978656296768
0.14054958462366882,0.620101119784053
0.1460644179697866,0.6197043336189757
0.15154720512696201,0.6193075070458702
0.15699875626589738,0.6189106399760792
0.1624198514283916,0.6185137323208627
0.1678112420978704,0.6181167839913969
0.1731736526666362,0.6177197948987739
0.17850778180802357,0.6173227649540014
0.18381430376088737,0.6169256940680014
0.18909386953317686,0.6165285821516104
0.1943471080307417,0.6161314291155802
0.19957462711697224,0.6157342348705758
0.20477701460838807,0.6153369993271767
0.20995483921084665,0.6149397223958755
0.21510865140064683,0.614542403987079
0.2202389842544449,0.6141450440111066
0.22534635423157365,0.6137476423781909
0.23043126191206229,0.6133501989984774
0.23549419269338925,0.6129527137820238
0.2405356174487568,0.6125551866387999
0.24555599314945611,0.612157617478688
0.2505557634536929,0.6117600062114814
0.25553535926405957,0.6113623527468858
0.2604951992556754,0.6109646569945175
0.265435690376861,0.6105669188639041
0.2703572283240793,0.6101691382644837
0.2752601979927429,0.6097713151056054
0.280144973905375,0.6093734492965281
0.2850119206185033,0.608975540746421
0.289861393109566,0.608577589364363
0.294693737145024,0.6081795950593423
0.29950928963078366,0.6077815577402569
0.30430837894596463,0.6073834773159134
0.309091325260974,0.6069853536950273
0.31385844084078135,0.6065871867862226
0.3186100303342349,0.6061889764980318
0.32334639105019736,0.6057907227388951
0.32806781322123363,0.6053924254171604
0.33277458025553375,0.604994084441084
0.3374669689777092,0.6045956997188282
0.34214524985906364,0.6041972711584631
0.34680968723789646,0.6037987986679656
0.3514605395303684,0.6034002821552186
0.3560980594324212,0.6030017215280115
0.3607224941132164,0.6026031166940397
0.3653340854005271,0.6022044675609046
0.3699330699584947,0.6018057740361126
0.37451967945813386,0.6014070360270757
0.37909414074094966,0.6010082534411103
0.3836566759760074,0.6006094261854382
0.38820750281077754,0.6002105541671853
0.39274683451605924,0.5998116372933815
0.3972748801252676,0.5994126754709608
0.40179184456835554,0.5990136686067609
0.4062979288006252,0.5986146166075228
0.41079332992666917,0.5982155193798907
0.4152782413196702,0.5978163768304113
0.41975285273627394,0.5974171888655346
0.42421735042723796,0.5970179553916122
0.42867191724405085,0.5966186763148982
0.4331167327417051,0.5962193515415483
0.43755197327779294,0.5958199809776198
0.4419778121080928,0.5954205645290712
0.44639441947880115,0.595021102101762
0.45080196271555617,0.5946215936014525
0.4552006063093935,0.5942220389338033
0.45959051199976914,0.5938224380043754
0.4639718388547721,0.5934227907186294
0.4683447433486509,0.5930230969819258
0.47270937943676533,0.5926233566995245
0.4770658986280726,0.5922235697765842
0.4814144500552532,0.5918237361181623
0.48575518054257033,0.5914238556292155
0.490088234671563,0.5910239282145978
0.49441375484465583,0.5906239537790621
0.49873188134677493,0.5902239322272581
0.5030427524050477,0.5898238634637337
0.5073465042466679,0.5894237473929336
0.5116432711549956,0.5890235839191993
0.5159331855239653,0.588623372946769
0.5202163779108682,0.5882231143797775
0.5244929770875735,0.587822808122255
0.5287631100902503,0.587422454078128
0.5330269022676477,0.5870220521512182
0.5372844773279907,0.5866216022452426
0.5415359573845447,0.586221104263813
0.5457814629999013,0.5858205581104362
0.5500211132290307,0.5854199636885126
0.554255025661155,0.5850193209013373
0.5584833164604801,0.584618629652099
0.5627061004058341,0.5842178898438796
0.5669234909292521,0.5838171013796545
0.5711356001535477,0.5834162641622918
0.5753425389289086,0.5830153780945525
0.5795444168685546,0.5826144430790895
0.5837413423834913,0.582213459018448
0.5879334227163938,0.581812425815065
0.5921207639746554,0.5814113433712687
0.5963034711626282,0.5810102115892783
0.6004816482130877,0.5806090303712047
0.6046553980179535,0.5802077996190483
0.6088248224582872,0.5798065192347005
0.6129900224336005,0.5794051891199423
0.6171510978904957,0.5790038091764445
0.6213081478506646,0.5786023793057673
0.62546127043827,0.5782008994093599
0.6296105629067326,0.5777993693885604
0.6337561216649453,0.5773977891445952
0.6378980423029365,0.5769961585785789
0.6420364196170042,0.5765944775915143
0.6461713476343395,0.5761927460842913
0.6503029196371594,0.5757909639576874
0.6544312281863687,0.5753891311123669
0.6585563651447666,0.5749872474488807
0.6626784216998192,0.5745853128676666
0.6667974883860117,0.5741833272690474
0.6709136551067975,0.5737812905532328
0.6750270111561619,0.5733792026203173
0.6791376452398143,0.5729770633702803
0.6832456454960238,0.5725748727029868
0.6873510995161124,0.5721726305181857
0.6914540943646239,0.5717703367155101
0.6955547165991762,0.5713679911944772
0.6996530522900135,0.5709655938546112
0.7037491870392749,0.5705631445948842
0.7078432059999834,0.5701606433146817
0.711935193894777,0.5697580899130422
0.7160252350343882,0.569355484288889
0.7201134133358853,0.5689528263410302
0.7241998123406872,0.5685501159681577
0.7282845152323639,0.5681473530688474
0.73236760485423,0.5677445375415572
0.7364491637267477,0.5673416692846259
0.7405292740647448,0.5669387481962725
0.7446080177944605,0.5665357741745963
0.748685476570429,0.5661327471175761
0.7527617317922102,0.5657296669230706
0.756836864620977,0.5653265334888168
0.7609109559959724,0.5649233467124313
0.7649840866508378,0.5645201064914087
0.7690563371298332,0.5641168127231221
0.7731277878039471,0.5637134653048218
0.7771985188869137,0.5633100641336364
0.7812686104511427,0.562906609106571
0.7853381424435703,0.5625031001205077
0.7894071947014422,0.5620995370722052
0.7934758469680349,0.5616959198582984
0.7975441789083275,0.5612922483752975
0.8016122701246282,0.5608885225195892
0.8056802001721688,0.5604847421874342
0.8097480485746716,0.560080907274969
0.8138158948398985,0.559677017678204
0.817883818475195,0.5592730732930238
0.8219518990030292,0.5588690740151872
0.8260202159765432,0.5584650197403258
0.8300888489951173,0.5580609103639452
0.8341578777199644,0.557656745781423
0.8382273818897532,0.5572525258880098
0.8422974413362777,0.5568482505788279
0.8463681360001758,0.5564439197488714
0.8504395459467083,0.5560395332930064
0.8545117513816068,0.5556350911059692
0.8585848326669993,0.5552305930823674
0.8626588703374196,0.554826039116679
0.8667339451159168,0.5544214291032515
0.8708101379302645,0.554016762936303
0.8748875299292868,0.5536120405099197
0.8789662024993057,0.5532072617180581
0.8830462372807228,0.5528024264545424
0.8871277161847413,0.5523975346130652
0.8912107214102408,0.5519925860871873
0.8952953354608146,0.5515875807703371
0.899381641161979,0.5511825185558099
0.9034697216785637,0.5507773993367681
0.9075596605322979,0.5503722230062406
0.9116515416195963,0.5499669894571221
0.9157454492295645,0.5495616985821734
0.9198414680622268,0.5491563502740208
0.9239396832469927,0.5487509444251553
0.9280401803613738,0.5483454809279329
0.9321430454499593,0.5479399596745738
0.9362483650436693,0.5475343805571622
0.08295986597267412,0.6899969446285918
0.08885118261392208,0.6896059986116123
0.09470015230171518,0.6892150267969464
0.10050800800380082,0.6888240291075909
0.10627592833050473,0.6884330054664938
0.11200504086008603,0.688041955796554
0.11769642520761785,0.6876508800206208
0.12335111586116099,0.6872597780614943
0.12897010480644053,0.6868686498419242
0.13455434395898677,0.6864774952846103
0.14010474742072626,0.6860863143122021
0.14562219357626618,0.6856951068472987
0.15110752704257543,0.6853038728124483
0.1565615604844025,0.6849126121301489
0.1619850763065632,0.6845213247228471
0.16737882823315403,0.6841300105129382
0.17274354278279366,0.6837386694227668
0.1780799206481402,0.6833473013746258
0.1833886379871702,0.6829559062907563
0.18867034763302332,0.6825644840933476
0.1939256802286065,0.6821730347045374
0.19915524529160017,0.6817815580464108
0.2043596322150187,0.681390054041001
0.20953941120802982,0.6809985226102884
0.21469513418134037,0.6806069636762008
0.21982733558109052,0.6802153771606134
0.22493653317487436,0.6798237629853482
0.23002322879320639,0.6794321210721743
0.23508790902948656,0.6790404513428068
0.24013104590126996,0.6786487537189081
0.2451530974754298,0.6782570281220864
0.2501545084595964,0.6778652744738963
0.2551357107620739,0.677473492695838
0.2600971240222669,0.6770816827093581
0.265039156113499,0.6766898444358482
0.2699622036199606,0.6762979777966459
0.2748666522894009,0.6759060827130332
0.2797528774630579,0.6755141591062384
0.2846212444842127,0.6751222068974336
0.28947210908665844,0.6747302260077365
0.2943058177642804,0.6743382163582087
0.29912270812286307,0.6739461778698566
0.3039231092151601,0.6735541104636307
0.3087073418601964,0.6731620140604253
0.3134757189477015,0.672769888581079
0.31822854572851833,0.6723777339463738
0.3229661200917714,0.6719855500770351
0.32768873282952915,0.6715933368937318
0.332396667889649,0.6712010943170761
0.33709020261744566,0.6708088222676228
0.3417696079867863,0.6704165206658695
0.34643514882117643,0.6700241894322568
0.35108708400536537,0.6696318284871675
0.3557256666879676,0.6692394377509264
0.3603511444755668,0.6688470171438007
0.3649637596187398,0.668454566585999
0.36956374919041174,0.6680620859976726
0.3741513452569315,0.6676695752989132
0.37872677504222874,0.6672770344097545
0.38329026108539865,0.6668844632501708
0.3878420213920357,0.6664918617400781
0.3923822695796228,0.6660992297993328
0.3969112150172607,0.6657065673477316
0.4014290629600125,0.6653138743050122
0.4059360146781168,0.6649211505908522
0.41043226758131157,0.6645283961248694
0.4149180153384995,0.664135610826621
0.41939344799296735,0.6637427946156047
0.4238587520733699,0.6633499474112569
0.4283141107006646,0.6629570691329537
0.43275970369118705,0.6625641597000105
0.43719570765603644,0.6621712190316814
0.44162229609693954,0.661778247047159
0.44603963949874514,0.6613852436655749
0.4504479054187009,0.6609922088059988
0.45484725857265146,0.6605991423874388
0.459237860918291,0.6602060443288407
0.4636198717355989,0.6598129145490883
0.46799344770457696,0.6594197529670032
0.47235874298040387,0.659026559501344
0.476715909266117,0.658633334070807
0.4810650958829224,0.6582400765940252
0.48540644983823505,0.6578467869895683
0.4897401158915414,0.6574534651759434
0.49406623661817356,0.6570601110715933
0.498384952471083,0.6566667245948976
0.5026964018406912,0.6562733056641716
0.5070007211128998,0.6558798541976669
0.5112980447253289,0.6554863701135705
0.51558850522186,0.655092853330005
0.519872233305545,0.6546993037650284
0.5241493578899526,0.6543057213366337
0.5284200061490072,0.6539121059627488
0.5326843035653825,0.6535184575612367
0.5369423739775085,0.6531247760498947
0.5411943396252394,0.6527310613464541
0.5454403211942404,0.6523373133685809
0.5496804378591389,0.6519435320338748
0.5539148073254897,0.6515497172598692
0.5581435458705973,0.6511558689640313
0.562366768383241,0.6507619870637615
0.5665845884023423,0.6503680714763933
0.570797118154617,0.6499741221191934
0.575004468591248,0.649580138909361
0.5792067494236168,0.649186121764028
0.5834040691581287,0.6487920706002588
0.5875965351301662,0.6483979853350497
0.591784253537202,0.6480038658853291
0.5959673294711048,0.6476097121679574
0.6001458669496651,0.6472155240997262
0.6043199689473736,0.6468213015973585
0.6084897374254777,0.646427044577509
0.6126552733613432,0.6460327529567625
0.6168166767771471,0.6456384266516354
0.6209740467679286,0.6452440655785739
0.6251274815290179,0.6448496696539554
0.6292770783828716,0.6444552387940866
0.6334229338053305,0.644060772915205
0.6375651434513276,0.6436662719334769
0.6417038021800642,0.6432717357649989
0.6458390040796724,0.6428771643257966
0.6499708424913883,0.6424825575318248
0.6540994100332492,0.6420879152989671
0.6582247986233388,0.6416932375430363
0.6623470995025912,0.641298524179773
0.6664664032571774,0.64090377512493
0.6705827998404871,0.6405089902938987
0.6746963785947215,0.6401141696023422
0.6788072282721154,0.6397193129657088
0.6829154370558004,0.6393244202993746
0.6870210925803265,0.6389294915186446
0.6911242819518547,0.6385345265387512
0.6952250917680354,0.6381395252748545
0.6993236081375845,0.6377444876420425
0.703419916699573,0.6373494135553295
0.7075141026424393,0.6369543029296562
0.7116062507227402,0.6365591556798893
0.7156964452836501,0.6361639717208215
0.7197847702732203,0.6357687509671708
0.7238713092624137,0.6353734933335806
0.7279561454629195,0.6349781987346192
0.7320393617447647,0.6345828670847805
0.7361210406537317,0.6341874982984824
0.7402012644285902,0.6337920922900677
0.7442801150181577,0.6333966489738031
0.7483576740981935,0.6330011682638799
0.7524340230881438,0.6326056500744127
0.7565092431677395,0.6322100943194401
0.7605834152934621,0.6318145009129238
0.7646566202148835,0.6314188697687491
0.7687289384908936,0.6310232008007238
0.7728004505058197,0.6306274939225787
0.7768712364854499,0.6302317490479672
0.7809413765129705,0.6298359660904649
0.7850109505448217,0.6294401449635694
0.7890800384264866,0.6290442855807004
0.7931487199082179,0.6286483878551988
0.7972170746607113,0.6282524517003277
0.801285182290738,0.6278564770292706
0.8053531223567388,0.6274604637551325
0.8094209743843935,0.6270644117909387
0.8134888178821741,0.6266683210496357
0.8175567323568843,0.6262721914440896
0.821624797329202,0.6258760228870869
0.8256930923492272,0.6254798152913342
0.8297616970120468,0.6250835685694572
0.8338306909733245,0.6246872826340015
0.8379001539649231,0.6242909573974316
0.841970165810568,0.6238945927721308
0.8460408064415631,0.6234981886704015
0.8501121559125642,0.6231017450044645
0.8541842944174203,0.6227052616864588
0.8582573023050937,0.622308738628441
0.8623312600956622,0.6219121757423866
0.8664062484964191,0.6215155729401876
0.870482348418075,0.6211189301336536
0.8745596409910743,0.6207222472345117
0.8786382075820319,0.6203255241544057
0.8827181298103038,0.6199287608048959
0.8867994895646972,0.6195319570974589
0.8908823690203341,0.619135112943488
0.8949668506556732,0.6187382282542919
0.8990530172697058,0.6183413029410953
0.9031409519993321,0.6179443369150384
0.9072307383369296,0.6175473300871765
0.9113224601481237,0.6171502823684799
0.9154162016897752,0.6167531936698338
0.9195120476281889,0.616356063902038
0.9236100830575613,0.6159588929758061
0.9277103935186756,0.6155616808017663
0.9318130650178584,0.6151644272904605
0.07654577574646834,0.7555893493345842
0.08248429688612514,0.7552016859883122
0.08837907370755357,0.754814009246747
0.09423140197114156,0.7544263190390059
0.10004251916801206,0.754038615294181
0.10581360815256918,0.75365089794134
0.11154580048959309,0.7532631669095263
0.1172401795428267,0.7528754221277578
0.1228977833290445,0.7524876635250284
0.12851960715900534,0.7520998910303063
0.13410660608442163,0.7517121045725347
0.13965969716807974,0.7513243040806314
0.1451797615924885,0.750936489483489
0.15066764662087395,0.7505486607099742
0.15612416742296648,0.7501608176889281
0.161550108776803,0.7497729603491663
0.16694622665668407,0.7493850886194776
0.17231324971645903,0.7489972024286256
0.1776518806764541,0.7486093017053466
0.18296279762158543,0.7482213863783516
0.18824665521751563,0.7478334563763244
0.19350408585109125,0.7474455116279222
0.198735700700749,0.7470575520617755
0.20394209074207767,0.7466695776064879
0.2091238276932777,0.7462815881906357
0.21428146490485267,0.7458935837427686
0.21941553819750656,0.745505564191408
0.22452656665188675,0.7451175294650484
0.229615053353517,0.7447294794921567
0.23468148609599193,0.7443414142011721
0.2397263380452601,0.7439533335205053
0.24475006836759935,0.7435652373785399
0.24975312282368334,0.7431771257036304
0.2547359343309558,0.7427889984241037
0.25969892349635704,0.742400855468258
0.2646424991212955,0.7420126967643627
0.26956705868061515,0.7416245222406588
0.2744729887771809,0.7412363318253584
0.27936066557358585,0.7408481254466444
0.28423045520237533,0.7404599030326708
0.28908271415608594,0.7400716645115621
0.2939177896583016,0.7396834098114138
0.2987360200168503,0.7392951388602913
0.30353773496018377,0.7389068515862304
0.308323255957912,0.7385185479172378
0.31309289652640204,0.7381302277812892
0.3178469625202828,0.737741891106331
0.32258575241065107,0.7373535378202789
0.32730955755071345,0.7369651678510184
0.3320186624295567,0.7365767811264042
0.3367133449146921,0.736188377574261
0.34139387648397995,0.735799957122382
0.34606052244749946,0.7354115196985297
0.350713542159898,0.7350230652304355
0.3553531892237175,0.7346345936457999
0.35997971168416637,0.7342461048722912
0.3645933522157776,0.7338575988375474
0.3691943483013666,0.7334690754691737
0.37378293240367694,0.7330805346947442
0.3783593321300816,0.7326919764418008
0.382923770390684,0.7323034006378535
0.38747646555014253,0.73191480721038
0.39201763157352637,0.7315261960868256
0.396547478166491,0.7311375671946031
0.40106621091004496,0.7307489204610926
0.40557403139016673,0.7303602558136416
0.41007113732251316,0.7299715731795647
0.4145577226724509,0.7295828724861433
0.41903397777062684,0.7291941536606256
0.42350008942428313,0.7288054166302264
0.42795624102451235,0.728416661322127
0.4324026126496356,0.7280278876634754
0.4368393811648796,0.7276390955813854
0.4412667203185164,0.7272502850029368
0.44568480083462436,0.7268614558551759
0.45009379050261833,0.7264726080651144
0.4544938542636893,0.7260837415597294
0.45888515429429044,0.725694856265964
0.46326785008679366,0.7253059521107265
0.46764209852743943,0.7249170290208901
0.47200805397169593,0.7245280869232934
0.47636586831713446,0.7241391257447399
0.4807156910739271,0.7237501454119977
0.48505766943306594,0.7233611458517997
0.489391948332397,0.7229721269908431
0.49371867052055973,0.7225830887557896
0.49803797661891736,0.722194031073265
0.502350005181561,0.7218049538698591
0.506654892753463,0.7214158570721254
0.5109527739268565,0.7210267406065821
0.5152437813959115,0.7206376043997097
0.5195280460097736,0.720248448377953
0.5238056968240326,0.7198592724677199
0.5280768611506803,0.7194700765953812
0.5323416646066202,0.7190808606872712
0.5366002311607816,0.7186916246696867
0.5408526831798945,0.7183023684688873
0.5450991414729771,0.7179130920110952
0.5493397253345849,0.7175237952224951
0.5535745525868694,0.7171344780292337
0.5578037396204905,0.7167451403574201
0.5620274014344285,0.7163557821331255
0.5662456516747351,0.7159664032823824
0.5704586026722652,0.7155770037311853
0.5746663654794278,0.7151875834054903
0.578869049905991,0.7147981422312147
0.5830667645539799,0.7144086801342371
0.5872596168516977,0.7140191970403974
0.5914477130869059,0.7136296928754958
0.5956311584391935,0.7132401675652941
0.5998100570115646,0.7128506210355141
0.603984511861276,0.7124610532118382
0.6081546250299502,0.7120714640199091
0.6123204975729922,0.7116818533853301
0.6164822295883361,0.7112922212336639
0.6206399202445448,0.7109025674904335
0.6247936678082905,0.7105128920811211
0.628943569671234,0.7101231949311693
0.6330897223763311,0.7097334759659795
0.6372322216435824,0.7093437351109604
0.6413711623952509,0.7089539722913168
0.6455066387805672,0.7085641874324009
0.6496387441999385,0.7081743804594486
0.6537675713286863,0.7077845512976547
0.6578932121403249,0.7073946998721733
0.6620157579294013,0.7070048261081162
0.6661352993339152,0.7066149299305543
0.6702519263573314,0.7062250112645163
0.6743657283902047,0.705835070034989
0.6784767942314296,0.7054451061669176
0.6825852121091335,0.7050551195852042
0.6866910697012245,0.7046651102147086
0.6907944541556096,0.7042750779802482
0.6948954521100982,0.7038850228065969
0.6989941497120024,0.7034949446184858
0.703090632637448,0.703104843340603
0.7071849861104103,0.702714718897593
0.7112772949214844,0.7023245712140564
0.7153676434464037,0.7019344002145509
0.7194561156643213,0.7015442058235898
0.7235427951758571,0.7011539879656424
0.7276277652209342,0.7007637465651342
0.7317111086964047,0.700373481546446
0.7357929081734826,0.6999831928339142
0.7398732459149899,0.6995928803518306
0.7439522038924303,0.6992025440244427
0.7480298638028985,0.6988121837759519
0.7521063070858333,0.6984217995305155
0.7561816149396299,0.6980313912122452
0.7602558683381138,0.6976409587452072
0.7643291480468927,0.6972505020534221
0.7684015346395907,0.6968600210608648
0.772473108513977,0.6964695156914643
0.7765439499079974,0.6960789858691033
0.7806141389157165,0.6956884315176187
0.7846837555031808,0.6952978525608007
0.788752879524213,0.694907248922393
0.7928215907361426,0.6945166205260926
0.7968899688154837,0.6941259672955494
0.8009580933735703,0.6937352891543667
0.8050260439721529,0.6933445860261
0.8090939001389713,0.6929538578342583
0.8131617413833057,0.6925631045023019
0.8172296472115197,0.6921723259536444
0.8212976971426007,0.6917815221116511
0.8253659707237079,0.6913906928996393
0.8294345475457354,0.690999838240878
0.8335035072588992,0.6906089580585881
0.8375729295883566,0.690218052275942
0.8416428943498663,0.6898271208160632
0.8457134814655003,0.6894361636020262
0.8497847709794116,0.689045180556857
0.8538568430736699,0.6886541716035322
0.8579297780841754,0.6882631366649786
0.8620036565166529,0.6878720756640743
0.8660785590627452,0.687480988523647
0.8701545666162062,0.6870898751664749
0.8742317602892058,0.6866987355152863
0.8783102214287593,0.686307569492759
0.8823900316332849,0.6859163770215205
0.8864712727693036,0.6855251580241482
0.8905540269882886,0.6851339124231681
0.8946383767436759,0.6847426401410559
0.8987244048080444,0.6843513411002363
0.9028121942904779,0.6839600152230826
0.906901828654117,0.6835686624319165
0.9109933917339149,0.6831772826490087
0.9150869677546045,0.6827858757965779
0.9191826413488905,0.6823944417967908
0.9232804975758768,0.6820029805717625
0.927380621939742,0.6816114920435553
0.07007903765792826,0.8208015184140457
0.07606634849955009,0.820415115312848
0.08200844502745018,0.8200287105213171
0.08790669040399131,0.8196423039708498
0.09376238524176637,0.8192558955928404
0.0995767715787421,0.8188694853186791
0.1053510365350256,0.8184830730797531
0.11108631568187259,0.8180966588074464
0.11678369615013587,0.817710242433139
0.12244421950236713,0.8173238238882068
0.1280688843901694,0.8169374031040231
0.133658649016105,0.8165509800119559
0.13921443341744544,0.8161645545433699
0.14473712158727203,0.8157781266296253
0.15022756344686572,0.815391696202078
0.15568657668193547,0.8150052631920794
0.1611149484540005,0.8146188275309763
0.16651343699715015,0.8142323891501109
0.17188277310942718,0.8138459479808203
0.1772236615472141,0.8134595039544372
0.18253678233022622,0.8130730570022885
0.18782279196401844,0.8126866070556966
0.19308232458629473,0.8123001540459782
0.19831599304274605,0.8119136979044443
0.2035243898976462,0.8115272385624014
0.20870808838397742,0.8111407759511485
0.2138676432974554,0.8107543100019806
0.21900359183845167,0.8103678406461859
0.22411645440548147,0.8099813678150468
0.22920673534362218,0.8095948914398389
0.2342749236509563,0.8092084114518325
0.2393214936458845,0.8088219277822909
0.24434690559792852,0.8084354403624707
0.24935160632444017,0.8080489491236225
0.2543360297554459,0.8076624539969889
0.25930059746868506,0.8072759549138072
0.26424571919674683,0.8068894518053065
0.26917179330806684,0.8065029446027092
0.27407920726341595,0.8061164332372301
0.27896833804939336,0.805729917640077
0.2838395525903302,0.80534339774245
0.2886932081399044,0.8049568734755412
0.2935296526536814,0.8045703447705355
0.29834922514370693,0.8041838115586096
0.3031522560162022,0.8037972737709327
0.3079390673933385,0.8034107313386646
0.3127099734200034,0.8030241841929585
0.31746528055641055,0.8026376322649578
0.3222052878573461,0.8022510754857979
0.3269302872387947,0.8018645137866058
0.33164056373264034,0.8014779470985
0.33633639573009033,0.801091375352589
0.3410180552144316,0.8007047984799734
0.34568580798368986,0.8003182164117443
0.35033991386372487,0.7999316290789833
0.35498062691226484,0.799545036412763
0.3596081956143494,0.7991584383441461
0.36422286306962504,0.7987718348041863
0.3688248671719058,0.7983852257239269
0.3734144407813953,0.797998611034402
0.3779918118899319,0.7976119906666349
0.38255720377960833,0.7972253645516394
0.3871108351750894,0.7968387326204192
0.3916529203899373,0.7964520948039667
0.3961836694672328,0.796065451033265
0.40070328831476815,0.7956788012392857
0.4052119788350675,0.7952921453529904
0.4097099390504826,0.794905483305329
0.4141973632235915,0.794518815027241
0.4186744419731198,0.7941321404496549
0.42314136238559125,0.7937454595034874
0.4275983081229012,0.7933587721196442
0.43204545952600115,0.7929720782290199
0.4364829937148662,0.7925853777624968
0.4409110846849136,0.7921986706509458
0.4453299034000303,0.791811956825226
0.44973961788235634,0.7914252362161844
0.45414039329896944,0.791038508754656
0.45853239204560287,0.7906517743714635
0.46291577382752463,0.7902650329974173
0.4672906957377017,0.7898782845633151
0.4716573123323622,0.7894915289999423
0.4760157757040671,0.7891047662380718
0.48036623555239605,0.788717996208463
0.48470883925234476,0.7883312188418626
0.48904373192053224,0.7879444340690047
0.4933710564793051,0.7875576418206093
0.49769095371882716,0.7871708420273836
0.502003562357234,0.7867840346200213
0.5063090190989339,0.7863972195292025
0.5106074586911264,0.7860103966855931
0.5148990139786128,0.785623566019846
0.519183815956965,0.7852367274625993
0.5234619938241163,0.7848498809444777
0.5277336750304409,0.7844630263960911
0.5319989853273756,0.7840761637480351
0.5362580488146449,0.7836892929308915
0.5405109879861424,0.7833024138752264
0.5447579237745189,0.7829155265115922
0.5489989755945301,0.7825286307705261
0.5532342613851882,0.7821417265825498
0.5574638976507664,0.7817548138781707
0.561687999500696,0.7813678925878802
0.565906680688403,0.7809809626421549
0.5701200536491191,0.7805940239714555
0.5743282295367107,0.780207076506228
0.5785313182595583,0.7798201201769012
0.5827294285155263,0.7794331549138892
0.5869226678260534,0.7790461806475896
0.5911111425693993,0.7786591973083838
0.5952949580130773,0.7782722048266375
0.5994742183455045,0.7778852031327256
0.6036490267068985,0.7774981921569215
0.6078194852194467,0.7771111718295752
0.6119856950167799,0.7767241420809855
0.6161477562727699,0.7763371028414346
0.6203057682296821,0.7759500540411876
0.6244598292257032,0.775562995610492
0.6286100367218697,0.7751759274795788
0.6327564873284178,0.7747888495786608
0.6368992768305789,0.7744017618379342
0.641038500213838,0.7740146641875766
0.6451742516886796,0.7736275565577488
0.6493066247148366,0.773240438878593
0.6534357120250643,0.7728533110802336
0.6575616056484557,0.7724661730927769
0.6616843969333158,0.7720790248463109
0.6658041765696148,0.7716918662709052
0.6699210346110329,0.7713046972966109
0.6740350604966151,0.7709175178534603
0.6781463430720517,0.7705303278714668
0.6822549706105983,0.7701431272806252
0.6863610308336514,0.769755916010911
0.6904646109309932,0.7693686939922806
0.6945657975807186,0.768981461154671
0.6986646769688604,0.7685942174279996
0.7027613348087232,0.7682069627421648
0.7068558563599396,0.7678196970270444
0.7109483264472627,0.7674324202124976
0.7150388294791048,0.7670451322283619
0.7191274494658344,0.7666578330044564
0.7232142700378462,0.7662705224705791
0.7272993744634105,0.7658832005565077
0.7313828456663173,0.7654958671919996
0.7354647662433228,0.7651085223067914
0.7395452184814125,0.7647211658305991
0.743624284374886,0.7643337976931179
0.7477020456422803,0.7639464178240216
0.7517785837431353,0.7635590261529633
0.7558539798946168,0.7631716226095746
0.7599283150880001,0.7627842071234655
0.7640016701050331,0.7623967796242253
0.7680741255341791,0.7620093400414204
0.772145761786753,0.7616218883045965
0.7762166591129602,0.7612344243432768
0.7802868976178468,0.7608469480869622
0.7843565572771677,0.7604594594651324
0.788425717953187,0.7600719584072437
0.792494459410412,0.7596844448427307
0.796562861331277,0.7592969187010051
0.8006310033317787,0.7589093799114557
0.8046989649770792,0.7585218284034488
0.8087668257970771,0.7581342641063278
0.8128346653019629,0.7577466869494123
0.8169025629977593,0.7573590968619994
0.8209705984018649,0.7569714937733629
0.8250388510585984,0.756583877612752
0.8291074005547612,0.7561962483093937
0.8331763265352231,0.7558086057924901
0.8372457087185363,0.75542094999122
0.8413156269125958,0.755033280834738
0.8453861610303427,0.7546455982521745
0.8494573911055299,0.7542579021726356
0.8535293973085505,0.7538701925252028
0.8576022599623456,0.7534824692389336
0.8616760595583919,0.75309473224286
0.8657508767727863,0.7527069814659897
0.8698267924824306,0.7523192168373053
0.8739038877813272,0.751931438285764
0.8779822439969983,0.7515436457402985
0.8820619427070328,0.7511558391298155
0.8861430657557737,0.750768018383196
0.8902256952711564,0.7503801834292958
0.8943099136817042,0.7499923341969452
0.8983958037336964,0.7496044706149478
0.9024834485085133,0.7492165926120815
0.9065729314401747,0.7488287001170982
0.9106643363330764,0.7484407930587235
0.9147577473799416,0.7480528713656561
0.9188532491799938,0.7476649349665684
0.9229509267573655,0.7472769837901061
0.0635578516190922,0.8859674123936314
0.06959562148951419,0.8855803120742126
0.07558662897953067,0.88519322168315
0.08153230970615462,0.8848061411506168
0.0874340320440955,0.8844190704068045
0.09329310148383219,0.8840320093819213
0.09911076463379952,0.8836449580061935
0.10488821290157355,0.8832579162098648
0.11062658588496863,0.8828708839231953
0.11632697450050408,0.882483861076463
0.121990423873678,0.8820968475999623
0.12761793601284457,0.8817098434240045
0.13321047228617225,0.8813228484789176
0.13876895571912284,0.880935862695046
0.1442942731280949,0.880548886002751
0.14978727710428957,0.8801619183324096
0.1552487878604526,0.8797749596144153
0.16067959495190387,0.8793880097791774
0.16608045888215872,0.8790010687571215
0.1714521126024637,0.8786141364786881
0.17679526291369102,0.8782272128743343
0.18211059177825487,0.8778402978745328
0.18739875754901061,0.8774533914097705
0.19266039612147168,0.8770664934105509
0.1978961220151146,0.876679603807392
0.20310652938903792,0.8762927225308265
0.2082921929967838,0.8759058495114029
0.21345366908472088,0.8755189846796835
0.21859149623801652,0.875132127966246
0.22370619617789028,0.8747452793016823
0.2287982745135389,0.8743584386165987
0.23386822145184574,0.8739716058416155
0.23891651246774023,0.8735847809073678
0.24394360893784453,0.8731979637445038
0.24894995873983924,0.8728111542836865
0.25393599681979134,0.872424352455592
0.25890214572951714,0.8720375581909104
0.2638488161358953,0.8716507714203453
0.2687764073039034,0.8712639920746134
0.2736853075550197,0.8708772200844449
0.27857589470251254,0.870490455380583
0.2834485364650292,0.870103697893784
0.2883035908597971,0.869716947554817
0.2931414065766551,0.8693302042944642
0.2979623233340494,0.8689434680435195
0.3027666722180505,0.8685567387327905
0.3075547760053732,0.8681700162930966
0.3123269494713175,0.8677833006552691
0.3170834996834866,0.8673965917501524
0.3218247262820791,0.8670098895086017
0.32655092174750433,0.8666231938614852
0.3312623716560168,0.8662365047396818
0.33595935492402407,0.8658498220740835
0.3406421440416792,0.8654631457955921
0.3453110052963316,0.8650764758351223
0.3499661989863724,0.8646898121235985
0.3546079796259791,0.8643031545919578
0.3592365961412338,0.8639165031711474
0.363852292058056,0.8635298577921258
0.368455305682373,0.8631432183858616
0.3730458702729157,0.8627565848833348
0.3776242142070131,0.8623699572155357
0.382190561139732,0.8619833353134648
0.38674513015668976,0.8615967191081332
0.3912881359208501,0.8612101085305616
0.39581978881359337,0.8608235035117813
0.4003402950703355,0.8604369039828332
0.40484985691095515,0.8600503098747682
0.4093486726652773,0.8596637211186464
0.4138369368938405,0.8592771376455377
0.41831484050417134,0.8588905593865219
0.4227825708627696,0.858503986272687
0.42724031190300443,0.8581174182351312
0.4316882442291036,0.8577308552049613
0.43612654521641386,0.8573442971132924
0.4405553891080992,0.8569577438912497
0.4449749471084349,0.8565711954699659
0.4493853874728474,0.856184651780583
0.45378687559484193,0.8557981127542511
0.45817957408995436,0.8554115783221283
0.4625636428768545,0.8550250484153815
0.4669392392557239,0.8546385229651853
0.4713065179840233,0.8542520019027221
0.4756656313497606,0.8538654851591823
0.48001672924236427,0.8534789726657639
0.4843599592212621,0.8530924643536727
0.4886954665822603,0.8527059601541216
0.4930233944218145,0.852319459998331
0.49734388369927723,0.8519329638175284
0.501657073297206,0.8515464715429485
0.5059631000798102,0.8511599831058324
0.5102620989496098,0.850773498437429
0.5145542029023819,0.8503870174689933
0.518839543080457,0.850000540131775
0.5231182488244369,0.8496140663570674
0.5273904477233913,0.8492275960761314
0.5316562656635961,0.8488411292202477
0.5359158268758681,0.8484546657207026
0.5401692539815521,0.8480682055087893
0.5444166680372121,0.8476817485158059
0.548658188578076,0.8472952946730571
0.5528939336602824,0.8469088439118525
0.557124019901975,0.8465223961635072
0.5613485625232878,0.8461359513593424
0.565567675385265,0.8457495094306837
0.5697814710277536,0.845363070308862
0.573990060706309,0.8449766339252137
0.5781935544281505,0.8445902002110792
0.582392060987202,0.8442037690978046
0.5865856879982527,0.8438173405167396
0.5907745419302699,0.8434309143992391
0.5949587281388959,0.8430444906766624
0.5991383508981609,0.8426580692803726
0.6033135134314376,0.8422716501417372
0.6074843179416698,0.8418852331921277
0.6116508656408993,0.8414988183629193
0.6158132567791185,0.8411124055854915
0.6199715906724723,0.840725994791227
0.6241259657308369,0.8403395859115116
0.6282764794847939,0.8399531788777355
0.6324232286120278,0.8395667736212914
0.6365663089631629,0.8391803700735755
0.6407058155870669,0.8387939681659872
0.6448418427556347,0.8384075678299281
0.6489744839880789,0.8380211689968033
0.653103832074739,0.8376347715980204
0.6572299791004346,0.8372483755649892
0.6613530164673738,0.8368619808291224
0.6654730349176402,0.8364755873218349
0.6695901245552688,0.8360891949745433
0.673704374867933,0.8357028037186668
0.6778158747482537,0.8353164134856265
0.6819247125147476,0.8349300242068451
0.6860309759324311,0.8345436358137472
0.6901347522330895,0.8341572482377585
0.6942361281352308,0.8337708614103069
0.6983351898637336,0.8333844752628209
0.7024320231692038,0.8329980897267305
0.7065267133470533,0.8326117047334672
0.7106193452563132,0.8322253202144629
0.7147100033381919,0.8318389361011506
0.7187987716343918,0.8314525523249637
0.7228857338051963,0.8310661688173366
0.7269709731473376,0.830679785509704
0.7310545726116564,0.8302934023335008
0.7351366148205629,0.8299070192201627
0.7392171820853157,0.8295206361011249
0.7432963564231209,0.8291342529078226
0.7473742195740654,0.8287478695716913
0.7514508530178982,0.8283614860241663
0.7555263379906608,0.8279751021966817
0.7596007555011859,0.827588718020672
0.7636741863474661,0.8272023334275705
0.7677467111329076,0.82681594834881
0.771818410282475,0.8264295627158228
0.7758893640587367,0.8260431764600396
0.7799596525778225,0.8256567895128901
0.7840293558252984,0.8252704018058032
0.7880985536719709,0.824884013270206
0.7921673258896275,0.8244976238375242
0.7962357521667218,0.8241112334391821
0.8003039121240163,0.8237248420066022
0.8043718853301839,0.8233384494712053
0.808439751317384,0.8229520557644099
0.8125075895968161,0.8225656608176325
0.8165754796742639,0.8221792645622881
0.8206435010656369,0.8217928669297879
0.8247117333125137,0.8214064678515424
0.8287802559977049,0.821020067258958
0.8328491487608333,0.8206336650834395
0.8369184913139496,0.8202472612563886
0.8409883634571845,0.8198608557092036
0.8450588450944512,0.8194744483732803
0.8491300162492045,0.8190880391800112
0.8532019570802636,0.818701628060785
0.8572747478977141,0.8183152149469881
0.8613484691788886,0.8179287997700019
0.8654232015844426,0.8175423824612055
0.8694990259745311,0.8171559629519735
0.8735760234250952,0.8167695411736764
0.8776542752442711,0.8163831170576813
0.881733862988926,0.8159966905353508
0.8858148684813342,0.8156102615380433
0.8898973738260026,0.8152238299971124
0.8939814614266535,0.8148373958439081
0.8980672140033779,0.8144509590097748
0.902154714609967,0.8140645194260526
0.9062440466514331,0.813678077024077
0.9103352939017317,0.8132916317351777
0.9144285405216932,0.8129051834906801
0.9185238710771797,0.8125187322219037
0.05698031997112881,0.9514186117651935
0.06307030875335276,0.9510288209839247
0.06911190304254097,0.9506390522619775
0.07510661645962201,0.9502493055246196
0.08105589022913187,0.9498595806971599
0.08696109796628063,0.9494698777049482
0.09282355006528821,0.9490801964733748
0.09864449772884,0.9486905369278714
0.10442513667388957,0.9483008989939097
0.11016661054502232,0.9479112825970017
0.11587001406309791,0.9475216876626995
0.12153639593383697,0.9471321141165954
0.12716676153834897,0.9467425618843214
0.1327620754252532,0.9463530308915497
0.1383232636219882,0.9459635210639912
0.14385121578108878,0.945574032327397
0.149346787175609,0.9451845646075576
0.15481080055645258,0.9447951178303015
0.16024404788311525,0.9444056919214974
0.1656472919382283,0.944016286807052
0.17102126783530117,0.9436269024129111
0.17636668442817327,0.9432375386650588
0.18168422562989947,0.9428481954895175
0.18697455164808138,0.9424588728123484
0.19223830014302967,0.94206957055965
0.19747608731457003,0.941680288657559
0.20268850892279647,0.9412910270322501
0.20787614124761664,0.9409017856099351
0.21303954199151964,0.9405125643168641
0.21817925112962072,0.9401233630793236
0.22329579171070366,0.9397341818236378
0.22838967061267096,0.9393450204761679
0.2334613792555394,0.9389558789633118
0.2385113942748623,0.9385667572115045
0.24354017815823614,0.9381776551472172
0.24854817984733668,0.9377885726969574
0.2535358353077446,0.9373995097872694
0.25850356806864483,0.9370104663447333
0.2634517897343275,0.9366214422959653
0.26838090046927465,0.9362324375676173
0.2732912894584859,0.9358434520863776
0.27818333534457124,0.9354544857789688
0.2830574066430358,0.9350655385721501
0.28791386213707393,0.9346766103927153
0.2927530512530986,0.9342877011674935
0.29757531441814805,0.9338988108233488
0.3023809834002298,0.9335099392871797
0.3071703816325924,0.9331210864859207
0.3119438245228469,0.9327322523465393
0.3167016197477975,0.9323434367960383
0.32144406753478527,0.9319546397614543
0.3261714609302965,0.9315658611698584
0.330884086056535,0.9311771009483552
0.3355822223566188,0.9307883590240836
0.3402661428290112,0.9303996353242158
0.3449361142517677,0.9300109297759578
0.349592397397134,0.9296222423065489
0.3542352472370051,0.9292335728432617
0.35886491313971935,0.9288449213134018
0.3634816390586349,0.9284562876443077
0.3680856637129083,0.9280676717633509
0.3726772207608701,0.9276790735979354
0.3772565389663683,0.9272904930754983
0.38182384235843164,0.926901930123508
0.38637935038457855,0.9265133846694658
0.3909232780580868,0.9261248566409057
0.39545583609951246,0.9257363459653926
0.399977231072738,0.9253478525705237
0.4044876655158085,0.9249593763839279
0.408987338066802,0.9245709173332655
0.4134764435849699,0.9241824753462289
0.41795517326736276,0.9237940503505404
0.42242371476115487,0.9234056422739545
0.4268822522718607,0.9230172510442566
0.4313309666676324,0.9226288765892625
0.4357700355798134,0.922240518836819
0.4401996334999177,0.9218521777148032
0.4446199318731912,0.921463853151123
0.44903109918890816,0.9210755450737163
0.45343330106754404,0.9206872534105514
0.4578267003449618,0.920298978089626
0.4622114571537398,0.9199107190389687
0.4665877290017636,0.9195224761866369
0.47095567084820045,0.9191342494607175
0.4753154351769629,0.918746038789328
0.4796671720677721,0.918357844100614
0.4840110292649165,0.917969665322751
0.48834715224380554,0.9175815023839431
0.49267568427540576,0.9171933552124234
0.4969967664886486,0.916805223736454
0.5013105379308912,0.9164171078843254
0.5056171356265099,0.9160290075843566
0.5099166946337013,0.9156409227648945
0.5142093480995612,0.9152528533543154
0.5184952273135146,0.9148647992810227
0.5227744617591557,0.9144767604734478
0.5270471791645648,0.9140887368600502
0.5313135055511629,0.9137007283693167
0.5355735652811561,0.9133127349297623
0.5398274811036295,0.9129247564699284
0.5440753741993413,0.9125367929183844
0.5483173642242644,0.9121488442037268
0.5525535693519296,0.9117609102545786
0.5567841063146095,0.9113729909995899
0.5610090904433929,0.9109850863674376
0.5652286357071865,0.9105971962868252
0.5694428547506913,0.9102093206864824
0.5736518589313845,0.9098214594951654
0.5778557583555501,0.9094336126416561
0.5820546619133931,0.9090457800547631
0.586248677313268,0.9086579616633209
0.5904379111150597,0.9082701573961454
0.5946224687627453,0.9078823671822226
0.598802454616167,0.9074945909504036
0.6029779719820489,0.9071068286296256
0.6071491231442816,0.9067190801488505
0.611316009393505,0.906331345437066
0.6154787310560136,0.9059436244232838
0.6196373875220111,0.9055559170365406
0.6237920772732365,0.9051682232058983
0.627942897909988,0.9047805428604424
0.6320899461775645,0.9043928759292836
0.6362333179921482,0.9040052223415564
0.6403731084661481,0.9036175820264192
0.6445094119330282,0.9032299549130551
0.648642321971633,0.9028423409306703
0.6527719314300381,0.9024547400084949
0.6568983324489376,0.9020671520757831
0.6610216164845885,0.9016795770618122
0.6651418743313298,0.9012920148958828
0.669259196143692,0.9009044655073187
0.6733736714581146,0.9005169288254671
0.677485389214284,0.9001294047796978
0.6815944377761122,0.8997418932994041
0.6857009049523655,0.8993543943140009
0.6898048780169622,0.8989669077529265
0.6939064437289498,0.8985794335456414
0.6980056883521778,0.8981919716216283
0.7021026976746769,0.8978045219103924
0.7061975570277601,0.8974170843414602
0.7102903513048564,0.8970296588443809
0.7143811649800884,0.8966422453487253
0.7184700821266093,0.8962548437840855
0.7225571864347078,0.8958674540800752
0.7266425612296913,0.8954800761663297
0.730726289489563,0.8950927099725057
0.7348084538625007,0.8947053554282803
0.7388891366841461,0.8943180124633523
0.7429684199947203,0.8939306810074409
0.7470463855559698,0.8935433609902866
0.7511231148679591,0.8931560523416501
0.7551986891857138,0.8927687549913123
0.7592731895357279,0.8923814688690748
0.7633466967323447,0.8919941939047593
0.7674192913940178,0.8916069300282078
0.7714910539594645,0.8912196771692819
0.7755620647037198,0.890832435257863
0.7796324037541001,0.8904452042238529
0.7837021511060845,0.8900579839971722
0.7877713866391237,0.8896707745077608
0.7918401901323857,0.8892835756855787
0.7959086412804469,0.8888963874606044
0.7999768197089342,0.888509209762836
0.8040448049901334,0.8881220425222897
0.808112676658564,0.8877348856690012
0.8121805142265359,0.8873477391330247
0.8162483971996943,0.8869606028444328
0.8203164050925595,0.8865734767333164
0.8243846174440717,0.8861863607297852
0.8284531138331496,0.8857992547639661
0.8325219738942722,0.8854121587660052
0.8365912773330879,0.8850250726660654
0.8406611039420656,0.8846379963943282
0.8447315336161926,0.884250929880992
0.8488026463687267,0.8838638730562733
0.8528745223470175,0.8834768258504057
0.856947241848398,0.8830897881936398
0.8610208853361604,0.8827027600162441
0.8650955334556234,0.8823157412485032
0.8691712670503,0.8819287318207188
0.8732481671781769,0.8815417316632103
0.8773263151281109,0.881154740706312
0.881405792436355,0.8807677588803762
0.8854866809032244,0.8803807861157705
0.889569062609906,0.8799938223428793
0.8936530199354329,0.879606867492103
0.8977386355738198,0.8792199214938581
0.901825992551382,0.8788329842785768
0.905915174244239,0.8784460557767068
0.9100062643960214,0.8780591359187115
0.9140993471357848,0.8776722246350701
