0,0.10001737824023589,0.11387321942809797
1,0.14904570263215514,0.11198734599176813
2,0.1955499031858188,0.1100970749165577
3,0.24003911719971918,0.10820236272577537
4,0.2828872085125318,0.10630316528157915
5,0.32437936005463736,0.10439943777067208
6,0.3647400033141386,0.10249113468959854
7,0.404150497067695,0.10057820982962755
8,0.44276082679864676,0.098660616261209
9,0.4806976434099194,0.09673830631798734
10,0.5180699705966798,0.09481123158084308
11,0.5549733789810241,0.09287934285888391
12,0.5914931256510164,0.09094259017544183
13,0.6277065820036475,0.0890009227476703
14,0.6636851661805658,0.08705428896879194
15,0.6994959300284695,0.08510263638911086
16,0.7352029085342265,0.08314591169645959
17,0.7708683130838992,0.08118406069606048
18,0.8065536334947948,0.07921702828977988
19,0.8423207046154376,0.07724475845475215
20,0.8782327898208816,0.07526719422135027
21,0.914355735377964,0.07328427765047886
22,0.9507592566874038,0.07129594981016298
23,0.9875184310079398,0.0693021507514069
24,0.09619008432963431,0.16681402090577777
25,0.1454352837602705,0.16503928246542238
26,0.19211038911773828,0.16326117201065343
27,0.23673750546939662,0.1614796604205619
28,0.27969877872531757,0.15969471819913938
29,0.321284951129438,0.15790631547121176
30,0.36172433285647165,0.15611442197338996
31,0.40120107225150464,0.15431900704741186
32,0.43986720939580726,0.15252003963276584
33,0.4778509362558631,0.1507174882591371
34,0.5152624475148623,0.14891132103867163
35,0.552198210363828,0.14710150565805183
36,0.588744169276629,0.145288009370379
37,0.6249782190533735,0.14347079898685605
38,0.6609721688111262,0.14164984086826501
39,0.6967933508712151,0.1398251009162328
40,0.7325059850449401,0.1379965445642788
41,0.768172381272573,0.1361641367686379
42,0.8038540465241563,0.13432784199885142
43,0.839612752237361,0.1324876242281193
44,0.8755116147012384,0.13064344692340588
45,0.9116162420562562,0.1287952730352915
46,0.9479960081775443,0.12694306498756183
47,0.9847255267446018,0.1250867846665269
48,0.09234400055944057,0.21692290763366542
49,0.1418102820188905,0.215234739186215
50,0.1886592366962194,0.21354390651758967
51,0.23342641708711875,0.21185038894645786
52,0.2765025204077313,0.21015416556292296
53,0.3181840098714832,0.2084552152248617
54,0.3587031767435283,0.20675351655418794
55,0.39824702672318607,0.2050490479330386
56,0.43696970106147665,0.20334178749988102
57,0.4750009658427202,0.2016317131455397
58,0.512452210899449,0.19991880250913913
59,0.5494208181504985,0.198203032973962
60,0.5859934334838256,0.19648438166322021
61,0.6222484862537194,0.19476282543573548
62,0.6582581856946388,0.19303834088152855
63,0.6940901523595615,0.19131090431731393
64,0.7298087977254593,0.18958049178189731
65,0.7654765365854568,0.18784707903147438
66,0.8011548991372732,0.18611064153482643
67,0.8369055995560563,0.184371154468412
68,0.87279161357078,0.18262859271135082
69,0.9088783184404569,0.1808829308402965
70,0.9452347548933687,0.17913414312419684
71,0.9819350830796703,0.17738220351893638
72,0.08847873600424146,0.26479621005770787
73,0.13817043155806247,0.2631772055289627
74,0.18519625506541892,0.26155605115693625
75,0.2301057091482203,0.25993273157584945
76,0.27329832285688416,0.2583072312717048
77,0.3150764480473672,0.256679534580178
78,0.35567646290146776,0.2550496256844719
79,0.3952883003100689,0.2534174886131306
80,0.4340682505494024,0.2517831072378144
81,0.47214768770785914,0.2501464652710333
82,0.5096392214835264,0.2485075462638397
83,0.5466411670604747,0.24686633360347762
84,0.5832408860314398,0.2452228105109885
85,0.6195173536393107,0.24357696003877258
86,0.6555431885055601,0.24192876506810493
87,0.6913863072586046,0.2402782083066037
88,0.727111319937594,0.23862527228565197
89,0.7627807525165555,0.2369699393577697
90,0.7984561645022596,0.23531219169393627
91,0.8341992189397461,0.2336520112808614
92,0.8700727574840293,0.23198937991820406
93,0.9061419336899108,0.23032427921573756
94,0.9424754634149779,0.2286566905904597
95,0.9791470631810283,0.22698659526364684
96,0.08459388709847487,0.31086653635557115
97,0.134515459233681,0.30930378061648184
98,0.18172124883908825,0.30773926437238497
99,0.22677523577362774,0.30617297578363467
100,0.27008607333121076,0.3046049029100468
101,0.31196217597820336,0.3030350337096085
102,0.3526441182037261,0.3014633560371664
103,0.3923248320565773,0.29988985764309406
104,0.4311628060218654,0.2983145261719379
105,0.4692910569370408,0.29673734916103983
106,0.506823439653607,0.29515831403913856
107,0.5438592215476846,0.2935774081249474
108,0.5804864944771464,0.2919946186257079
109,0.6167847910962851,0.29040993263572096
110,0.6528271488144567,0.2888233371348515
111,0.6886817882687806,0.28723481898701003
112,0.7244135250145036,0.2856443649386073
113,0.7600850025658331,0.2840519616169838
114,0.7957578158280878,0.28245759552881217
115,0.8314935828344169,0.28086125305847254
116,0.8673550176140941,0.2792629204664004
117,0.9034070571295926,0.2776625838874061
118,0.9397181005443476,0.2760602293289652
119,0.9763614305079037,0.27445584266950745
120,0.08068903705139624,0.3554609912023413
121,0.13084508431955252,0.35394454070487763
122,0.17823401794446597,0.3524266343969084
123,0.2234348480187507,0.35090726287341706
124,0.2668656569941083,0.349386416658764
125,0.3088411025030668,0.347864086205856
126,0.34960606844634334,0.3463402618953043
127,0.3893565602069977,0.34481493403456887
128,0.42825331503727276,0.34328809285709183
129,0.4664310281552297,0.341759728521417
130,0.5040048254426392,0.3402298311102971
131,0.541074945795076,0.3386983906297866
132,0.5777302261730588,0.3371653970083229
133,0.6140507683586326,0.33563084009579175
134,0.6501100380848504,0.3340947096625802
135,0.6859765680230364,0.33255699539861455
136,0.7217153862580441,0.3310176869123839
137,0.757389260236607,0.32947677372994905
138,0.7930598263619033,0.32793424529393606
139,0.8287886637609176,0.32639009096251487
140,0.8646383652493954,0.32484430000836184
141,0.9006736582462733,0.3232968616176067
142,0.9369626333006723,0.3217477648887654
143,0.9735781488050416,0.32019699883167274
144,0.07676375522685021,0.3988354102517534
145,0.12715901820474076,0.3973573696913147
146,0.17473435745923516,0.3958781186402066
147,0.22008439377879535,0.3943976494274775
148,0.2636369568555947,0.39291595433120313
149,0.30571313494127467,0.39143302557792936
150,0.34656223832257665,0.3899488553421079
151,0.38638342218779187,0.3884634357455242
152,0.4253397245374506,0.38697675885671795
153,0.46356755551720336,0.3854888166903962
154,0.5011833385228744,0.3839996012068374
155,0.5382883037090511,0.3825091043112893
156,0.5749720482612568,0.3810173178533566
157,0.6113152550044862,0.37952423362638227
158,0.6473918276700332,0.37802984336681916
159,0.6832706190839841,0.3765341387535933
160,0.7190168769361093,0.3750371114074594
161,0.7546934990329444,0.3735387528903457
162,0.7903621693863494,0.3720390547046922
163,0.8260844343120807,0.3705380082927769
164,0.8619227717904313,0.3690356050360359
165,0.8979417066847345,0.367531836254372
166,0.9342090289157844,0.36602669320546205
167,0.9707971820969802,0.3645201670840045
168,0.07281759648522472,0.44119570849483497
169,0.1234569640752631,0.4397496396739427
170,0.17122205744116473,0.43830256287188796
171,0.21672371769032797,0.43685447168259334
172,0.2603998537119002,0.4354053596624314
173,0.30257817905346135,0.43395522032983685
174,0.3435125513967764,0.4325040471649144
175,0.3834053545894411,0.4310518336090418
176,0.42242198083463023,0.4295985730644681
177,0.46070059269795394,0.428144258893907
178,0.4983589381985935,0.4266888844201255
179,0.535499258913801,0.425232442925527
180,0.572211927669246,0.4237749276517295
181,0.6085782204523672,0.4223163317991394
182,0.6446724888098502,0.4208566485265182
183,0.680563913941031,0.41939587095054615
184,0.7163179702799598,0.41793399214537835
185,0.7519976924570562,0.4164710051421969
186,0.787664818216901,0.41500690292875647
187,0.8233808671498625,0.41354167844892453
188,0.8592082087465733,0.4120753246022181
189,0.8952111722440339,0.41060783424332675
190,0.9314572548296418,0.4091392001816348
191,0.9680184946824274,0.4076694151807504
192,0.06885010048473078,0.4827118447053734
193,0.11973861657913755,0.4812923713210422
194,0.16769690275002938,0.47987206095303186
195,0.21335266102890402,0.47845090813410895
196,0.25715422608290234,0.4770289073689813
197,0.29943613900139904,0.4756060531340187
198,0.34045693007749706,0.4741823398769719
199,0.3804222931478036,0.47275776201668746
200,0.4195000295981128,0.47133231394282005
201,0.4578300928828751,0.469905990015541
202,0.4955315833986853,0.4684787845652449
203,0.5327077747455372,0.467050691892251
204,0.5694498311053441,0.465621706266503
205,0.6058396339573784,0.4641918219272647
206,0.6419519926274476,0.4627610330828124
207,0.6778564250074927,0.46132933391012376
208,0.7136186394815441,0.4598967185545629
209,0.7493018140066943,0.4584631811295625
210,0.7849677461992088,0.4570287157163026
211,0.8206779350025051,0.4555933163633905
212,0.8564946477328935,0.4541569770865005
213,0.8924820248738166,0.45271969186810235
214,0.9287072786858855,0.4512814546570645
215,0.9652420511287367,0.44984225936834366
216,0.0648607909388928,0.5235273323668688
217,0.11600366147370254,0.5221298657174236
218,0.1641586728613755,0.5207317095510762
219,0.20997106160256881,0.5193328591052225
220,0.2538999501473082,0.5179333095961293
221,0.2962869173065136,0.5165330562187271
222,0.33739529558981457,0.5151320941464015
223,0.3774341727249718,0.5137304185307823
224,0.4165738158406099,0.5123280245015309
225,0.45495600875772924,0.5109249071661254
226,0.49270123266907384,0.5095210616096433
227,0.5299138142466187,0.5081164828945418
228,0.566685725053995,0.5067111660604374
229,0.6030994646073476,0.505305106123881
230,0.6392303101259864,0.5038982980781328
231,0.6751481246176825,0.5024907368929332
232,0.710918857690808,0.5010824175142731
233,0.7466058371725438,0.4996733348641597
234,0.7822709267064512,0.4982634838404038
235,0.8179756106617142,0.4968528593162743
236,0.8537820604670244,0.4954414561404725
237,0.889754234670675,0.49402926913667267
238,0.9259590683274656,0.4926162931033885
239,0.9624678162664781,0.4912025228136998
240,0.06084917482684873,0.5637659515946133
241,0.11225177525405004,0.562386493691418
242,0.16060714167167192,0.561006476030837
243,0.20657875364102424,0.5596258943812568
244,0.2506368996754838,0.5582447444951538
245,0.29313041480704416,0.5568630221089356
246,0.33432756794682206,0.555480722942782
247,0.37444092728960976,0.5540978427004831
248,0.4136432839042424,0.5527143770692784
249,0.45207829249838694,0.5513303217196918
250,0.4898678441649907,0.5499456723053667
251,0.5271173401595702,0.5485604244628997
252,0.5639195757710062,0.547174573811672
253,0.6003576813189176,0.5457881159536795
254,0.6365074121853219,0.5444010464733622
255,0.6724389850239791,0.543013360937431
256,0.7082185980129915,0.541625054894693
257,0.7439097354356162,0.5402361238759292
258,0.7795743331366937,0.5388465633934519
259,0.8152738669798575,0.5374563689414539
260,0.8510704187660482,0.5360655359952998
261,0.8870277718745527,0.5346740600116073
262,0.9232125917923297,0.53328193642801
263,0.9596957551841045,0.5318891606629712
264,0.05681474155274228,0.6035366432343346
265,0.10848262476132002,0.602171640905171
266,0.15704207729435365,0.6008061952554703
267,0.2031755676802435,0.5994403024517657
268,0.24736494595982633,0.5980739586487379
269,0.28996653061379046,0.5967071599890906
270,0.33125366592027305,0.5953399026034243
271,0.3714424898967542,0.5939721826101095
272,0.4107083774461918,0.5926039961151588
273,0.44919689576033356,0.5912353392120979
274,0.48703137564308646,0.5898662079818354
275,0.5243183149209912,0.5884965984925328
276,0.5611513492787087,0.5871265067994713
277,0.5976142528335818,0.5857559289449202
278,0.6337832695586444,0.5843848609580019
279,0.6697289783938706,0.583013298854557
280,0.7055178335059148,0.5816412386371094
281,0.7412134822646378,0.5802686762942302
282,0.7768779389102555,0.5788956078013815
283,0.8125726768671784,0.5775220291198189
284,0.8483596945434146,0.576147936196906
285,0.8843026068651927,0.5747733249658962
286,0.9204678173091783,0.5733981913457848
287,0.9569258332227065,0.5720225312411652
288,0.05275696205013818,0.6429371925093674
289,0.10469586676950658,0.6415834257985461
290,0.153463241846231,0.6402293222907761
291,0.19976133044230315,0.6388748784456778
292,0.24408395774256547,0.6375200907142852
293,0.2867951620643904,0.6361649555389443
294,0.32817350701033976,0.63480946935321
295,0.3684387926670617,0.6334536285817424
296,0.40776903942399084,0.6320974296402012
297,0.4463117696679345,0.6307408689351424
298,0.4841917844533791,0.6293839428639108
299,0.5215167006553474,0.6280266478145347
300,0.5583810113610377,0.6266689801656179
301,0.5948691477136648,0.6253109362862328
302,0.6310578528690823,0.6239525125358104
303,0.6670180768069728,0.6225937052640325
304,0.7028165371772498,0.6212345108107385
305,0.7385170511134361,0.6198749255057256
306,0.7741817174670819,0.6185149456688158
307,0.8098720132890264,0.6171545676095654
308,0.845649859805887,0.6157937876272408
309,0.8815787101586268,0.6144326020106868
310,0.9177247132932785,0.6130710070382119
311,0.9541580159708566,0.6117089989774733
312,0.04867528782700271,0.682057093299233
313,0.10089114754931695,0.6807115871982572
314,0.14987039122370374,0.6793658436555945
315,0.19633586471018682,0.6780198593377792
316,0.24079380114087945,0.6766736309054924
317,0.28361620467606785,0.6753271550134737
318,0.3250870074144543,0.6739804283104347
319,0.36542976676547984,0.6726334474389698
320,0.40482521208044164,0.6712862090354669
321,0.44342286480345255,0.6699387097300191
322,0.48134902753103176,0.6685909461463345
323,0.5187124591686484,0.6672429149016466
324,0.5556085275585296,0.6658946126066224
325,0.5921223343382455,0.664546035865273
326,0.6283311326062677,0.6631971812748612
327,0.6643062522520248,0.6618480454258424
328,0.700114681981778,0.6604986249016097
329,0.7358204154183221,0.6591489162787192
330,0.7714856422641223,0.6577989161264904
331,0.807171849263104,0.6564486210070529
332,0.8429408866505163,0.6550980274752315
333,0.878856052403709,0.6537471320784477
334,0.9149832483423415,0.6523959313566258
335,0.95139226925954,0.6510444218420953
336,0.044569149946356586,0.7209798548615077
337,0.09706810240750603,0.7196398068745287
338,0.14626327486817747,0.7182996159303523
339,0.19289898919730228,0.7169592788287746
340,0.2374943395691999,0.715618792366125
341,0.2804295520967868,0.71427815333519
342,0.3219940819951977,0.7129373585251326
343,0.3624153423793266,0.711596404721415
344,0.40187683692815096,0.7102552887057189
345,0.4405301311958099,0.7089140072558665
346,0.47850306138795756,0.7075725571457405
347,0.5159055519420026,0.7062309351452052
348,0.5528338631632369,0.7048891380200251
349,0.5893737808990206,0.7035471625317857
350,0.6256030791228587,0.7022050054378446
351,0.6615934766238565,0.7008626634910957
352,0.6974122408186338,0.6995201334401799
353,0.7331235485954661,0.6981774120291406
354,0.7687896867727134,0.6968344959974456
355,0.8044721578567269,0.6954913820798996
356,0.8402327472616382,0.6941480670065577
357,0.8761346043786866,0.692804547502642
358,0.9122433912324558,0.6914608202884583
359,0.9486285591571686,0.6901168820793134
360,0.04043795793722528,0.7597849338456693
361,0.09322635519998054,0.7584476520273847
362,0.14264163552003895,0.7571103188752742
363,0.18945051841143384,0.7557729312564436
364,0.23418543365857672,0.7544354860367251
365,0.27723509605474556,0.7530979800806016
366,0.31889464424720015,0.7517604102511342
367,0.3593954486957533,0.7504227734098873
368,0.39892385473366787,0.7490850664168551
369,0.4376335183090868,0.7477472861303882
370,0.475653842104245,0.746409429407118
371,0.5130959401250492,0.7450714931018837
372,0.5500569832135543,0.743733474067657
373,0.5866234553961088,0.7423953691554791
374,0.6228736626310233,0.7410571752143338
375,0.6588797217203289,0.7397188890911675
376,0.6947091865285314,0.7383805076307336
377,0.7304264240382702,0.7370420276755457
378,0.7660938244759654,0.735703446065802
379,0.801772912184098,0.7343647596393095
380,0.8375254139079001,0.7330259652314076
381,0.8734143369878116,0.7316870596748929
382,0.9095051109140789,0.7303480397999427
383,0.9458668519646783,0.7290089024340396
384,0.036281098629972995,0.7985494259533251
385,0.08936551781682293,0.7972122733588719
386,0.13900520896050345,0.7958751600395124
387,0.18599026251311254,0.7945380828675046
388,0.23086694117304252,0.7932010387159357
389,0.2740327263061649,0.7918640244586715
390,0.3157886062630234,0.7905270369702773
391,0.35637001387857487,0.7891900731259424
392,0.39596620550121425,0.7878531298014094
393,0.4347329750307497,0.7865162038729003
394,0.4728013253193995,0.7851792922170429
395,0.5102835845292628,0.7838423917107988
396,0.5472778524889582,0.78250549923139
397,0.5838713256337925,0.7811686116562256
398,0.6201428531988773,0.7798317258628302
399,0.656164959239247,0.7784948387287691
400,0.6920054918909769,0.7771579471315765
401,0.727729015114733,0.7758210479486826
402,0.7633980288661516,0.77448413805734
403,0.7990740854035968,0.7731472143345517
404,0.8348188589393082,0.771810273656997
405,0.8706952212579895,0.7704733129009598
406,0.9067683765080842,0.7691363289422545
407,0.9431071142107018,0.7677993186561534
408,0.03209793490950289,0.837349622608515
409,0.08548518963723145,0.8360099648456799
410,0.13535372374057342,0.8346704377423998
411,0.18251802716617888,0.8333310381141825
412,0.2275387169222865,0.8319917627795482
413,0.27082233058112826,0.8306526085599524
414,0.3126758786979293,0.8293135722797081
415,0.35333896504442475,0.8279746507659114
416,0.3930038284559859,0.8266358408483636
417,0.4318284496595971,0.8252971393594954
418,0.46994546622339467,0.8239585431342925
419,0.5074684456211273,0.8226200490102171
420,0.5444964355046522,0.8212816538271125
421,0.5811173592161937,0.8199433544272304
422,0.6174106207468808,0.8186051476549696
423,0.6534491607752435,0.8172670303569557
424,0.689301129621461,0.8159289993819144
425,0.7250312951648078,0.8145910515805962
426,0.7607022734421017,0.8132531838057039
427,0.796375650715077,0.8119153929118169
428,0.8321130547842988,0.810577675755318
429,0.8679772283354641,0.8092400291943196
430,0.9040331573018608,0.8079024500885881
431,0.9403493126468233,0.8065649352994708
432,0.02788780437913452,0.8762625224940858
433,0.08158495695219915,0.8749176754180803
434,0.13168690089638013,0.8735730529948891
435,0.1790336133859437,0.8722286519182187
436,0.22420061267211971,0.8708844688871246
437,0.26760379452790384,0.8695405006059251
438,0.3095563707336603,0.8681967437841194
439,0.3503022282382676,0.8668531951363002
440,0.3900366620270323,0.8655098513820729
441,0.4289198898934224,0.8641667092459702
442,0.46708621954752977,0.8628237654573687
443,0.5046504835151738,0.8614810167504081
444,0.541712696506121,0.8601384598639066
445,0.5783615235428878,0.85879609154128
446,0.6146769350441879,0.8574539085304395
447,0.6507322978166312,0.8561119075838053
448,0.6865960723686353,0.8547700854580447
449,0.7223332374977534,0.853428438914157
450,0.758006531706595,0.8520869647173244
451,0.7936775813571799,0.8507456596368366
452,0.8294079739468341,0.8494045204460137
453,0.8652603294825391,0.848063543922126
454,0.9012994227454678,0.8467227268463149
455,0.937593414242906,0.8453820660035132
456,0.023650017927210876,0.9153673827545562
457,0.07766439235256807,0.9140145573614565
458,0.12800445364994817,0.9126620552045799
459,0.17553681737503496,0.911309872783772
460,0.22085247704984445,0.9099580066068756
461,0.26437700165482225,0.9086064531896343
462,0.3064299900409116,0.9072552090555921
463,0.347259728408152,0.9059042707359988
464,0.3870646438296652,0.9045536347697106
465,0.42600724281637414,0.9032032977030967
466,0.4642235395550855,0.9018532560899413
467,0.5018296579668835,0.9005035064913496
468,0.5389265994635869,0.8991540454756541
469,0.5756037858044463,0.8978048696183188
470,0.6119417657049495,0.8964559755018469
471,0.6480143417422255,0.8951073597156723
472,0.6838902927114692,0.8937590188561396
473,0.7196348153894749,0.8924109495262708
474,0.7553107771637567,0.891063148335811
475,0.7909798506046563,0.8897156119010723
476,0.8267035890035166,0.8883683368448533
477,0.8625444960743335,0.8870213197963505
478,0.8985671424478369,0.8856745573910682
479,0.9348393861824931,0.8843280462707291
480,0.01938385818764055,0.9547473991055405
481,0.073723054079886,0.953383640365296
482,0.12430608709457643,0.9520203102858915
483,0.17202743035611495,0.9506574050896264
484,0.21749415544708137,0.9492949210099376
485,0.26114183327046997,0.9479328542912825
486,0.3032966427407251,0.9465712011890192
487,0.3442113893792711,0.9452099579692912
488,0.3840877106474161,0.9438491209089093
489,0.42309045488601316,0.9424886862952367
490,0.46135738003177346,0.9411286504260746
491,0.4990059283654448,0.9397690096095476
492,0.5361381080663669,0.9384097601639909
493,0.5728441129779122,0.9370508984178384
494,0.6092050821845694,0.935692420709509
495,0.6452952638181343,0.9343343233872432
496,0.6811837631563867,0.932976602809264
497,0.7169360020798579,0.9316192553431322
498,0.7526149833164532,0.9302622773661576
499,0.7882824317656979,0.9289056652650465
500,0.8239998726007266,0.9275494154358341
501,0.85982969959557,0.9261935242837815
502,0.8958362861730265,0.924837988223269
503,0.9320871958582807,0.9234828036776915
