0,0.1306854626311349,0.1357474435040362
1,0.19301798067817538,0.13331128571986003
2,0.2517522419925278,0.1308681992822103
3,0.30774223675258694,0.12841809823803008
4,0.3615896544991316,0.12596089501163005
5,0.41374106306886826,0.12349650036092275
6,0.46454232918594035,0.12102482333213149
7,0.5142713626891079,0.11854577121290974
8,0.5631590161412173,0.11605924948380186
9,0.611403136148642,0.11356516176797284
10,0.6591784910562853,0.11106340977913079
11,0.7066441568449654,0.10855389326756301
12,0.7539493387265889,0.10603650996420007
13,0.8012382779619643,0.10351115552262044
14,0.8486547190781628,0.10097772345890146
15,0.8963463338534146,0.0984361050892181
16,0.1262071375278853,0.19817171952699247
17,0.1888300013051425,0.1958928337884638
18,0.2477821594759011,0.19360882960990325
19,0.3039405497942152,0.19131965214265753
20,0.3579205118695288,0.18902524568472026
21,0.41017726401644955,0.18672555366155677
22,0.4610624114810987,0.18442051860637476
23,0.5108577947012959,0.1821100821398212
24,0.5597970116012227,0.17979418494908578
25,0.6080798374021097,0.17747276676638823
26,0.6558823775666835,0.1751457663468279
27,0.7033645931711444,0.17281312144557273
28,0.7506762071521488,0.17047476879436196
29,0.7979616577641983,0.16813064407729883
30,0.8453645829802909,0.16578068190590584
31,0.8930322352210444,0.16342481579341497
32,0.12170512850010115,0.25699000479141354
33,0.1846245977031707,0.25482953022649896
34,0.24379878345963812,0.2526651366381754
35,0.30012848127737385,0.25049678635003086
36,0.35424314851214433,0.2483244411909943
37,0.4066069168200915,0.246148062485781
38,0.457577288432774,0.24396761104510303
39,0.5074401356114813,0.24178304715563695
40,0.5564318696974572,0.23959433056974105
41,0.6047542425741289,0.2374014204949153
42,0.6525847325107994,0.23520427558299536
43,0.7000842137357203,0.23300285391907244
44,0.7474029504690375,0.23079711301013095
45,0.794685599301346,0.22858700977339466
46,0.8420757126646475,0.22637250052437205
47,0.8897201461355922,0.22415354096459172
48,0.11717888325391626,0.3130506946897644
49,0.18040141967113926,0.31098201904988143
50,0.23980187440448597,0.30891027210769917
51,0.2963058576963757,0.30683542649684803
52,0.35055743283983026,0.3047574545434778
53,0.4030299177291216,0.30267632826102525
54,0.45408687537258013,0.3005920193448683
55,0.5040183140923129,0.29850449916686567
56,0.5530635284887612,0.2964137387697779
57,0.601426296248847,0.294319708861567
58,0.6492855048162736,0.2922223798095711
59,0.6968029700421702,0.2901217216345512
60,0.7441295212199903,0.2880177040046057
61,0.7914100547089591,0.28591029622895064
62,0.8387880583780555,0.28379946725155997
63,0.8864100133072016,0.2816851856446639
64,0.11262782979605658,0.3669520186581289
65,0.17616010676507854,0.3649558446586471
66,0.23579118688235365,0.36295722934427543
67,0.2924725019082879,0.3609561519263726
68,0.34686323089811466,0.35895259141509833
69,0.3994461613924896,0.35694652661632914
70,0.450591086522051,0.35493793612851593
71,0.5005922580359987,0.35292679833948143
72,0.549691925486091,0.3509130914231566
73,0.5980959426349987,0.34889679333625445
74,0.6459846431705786,0.3468778818148797
75,0.6935208134669478,0.3448563343710726
76,0.7408558719227244,0.3428321282892858
77,0.788134976197427,0.34080524062279166
78,0.8355015705485042,0.33877564819002004
79,0.8831017837497267,0.33674332757082265
80,0.10805137542279453,0.419137987501237
81,0.17190028786273956,0.41719966943114545
82,0.23176646936197567,0.41525939793011357
83,0.2886282330165866,0.4133171565972896
84,0.3431604062970925,0.4113729288951289
85,0.3958555408163753,0.40942669814746485
86,0.4470898349648284,0.40747844753754703
87,0.49716189453515536,0.40552816010604575
88,0.5463169976386796,0.4035758187490243
89,0.5947631255553729,0.4016214062158738
90,0.642682096012511,0.39966490510721575
91,0.6902376952521189,0.397706297872766
92,0.7375819550630425,0.3957455668091635
93,0.7848603160449561,0.3937826940577603
94,0.832216199777388,0.39181766160237347
95,0.8797954047714865,0.38985045126699763
96,0.10344890564141952,0.4699522337739838
97,0.16762158070423455,0.46806022207496334
98,0.22772746398457505,0.46616664845926714
99,0.2847728662501028,0.4642714995478961
100,0.3394488201408931,0.46237476186653875
101,0.39225794732045943,0.46047642184430104
102,0.44358303261807186,0.4585764658124171
103,0.4937271498631851,0.45667488000294054
104,0.5429386813199061,0.4547716505474165
105,0.5914277884360983,0.45286676347553234
106,0.6393778115235753,0.4509602047137493
107,0.686953566497941,0.4490519600839116
108,0.7343077230879244,0.4471420153018354
109,0.7815860265905762,0.4452303559758752
110,0.8289318968318181,0.44331696760546807
111,0.8764908239661489,0.4414018355796558
112,0.09881978301863693,0.5196704435609594
113,0.1633235914071209,0.5178153176145022
114,0.2236739063289472,0.5159589541629175
115,0.28090621283702505,0.5141013419515417
116,0.33572833095461635,0.5122424696582708
117,0.38865327049280307,0.5103823258926846
118,0.440070590203061,0.5085208991951589
119,0.49028794945416576,0.5066581780359659
120,0.5395569123128634,0.5047941508143631
121,0.5880898742957407,0.5029288058576685
122,0.6360717376192555,0.5010621314203256
123,0.6836683781553852,0.49919411568295374
124,0.7310331283986035,0.49732474675138555
125,0.778312060227173,0.49545401265569333
126,0.8256486126370042,0.49358190134919905
127,0.8731879892037425,0.491708400707473
128,0.09416334594975179,0.5685210589061879
129,0.15900591395416686,0.5666948927616869
130,0.2196055251653478,0.5648677661037413
131,0.27702807987370626,0.5630396691836801
132,0.33199879460862247,0.5612105922050522
133,0.38504139814328114,0.5593805253229945
134,0.4365524172149627,0.5575494586435915
135,0.4868442178822373,0.5557173822232272
136,0.5361716257956136,0.5538842860679316
137,0.5847493257342083,0.5520501601327171
138,0.6327638219401693,0.5502149943209097
139,0.680382081018594,0.5483787784834689
140,0.7277581233436229,0.5465415024183031
141,0.7750383693945416,0.5447031558695745
142,0.8223662982687028,0.5428637285269962
143,0.8698868486217918,0.5410232100251217
144,0.08947890734187466,0.6166991786735526
145,0.15466812965189383,0.6148951045908212
146,0.2155220421975238,0.6130903134384634
147,0.27313827018801085,0.6112847965274962
148,0.32826006424005794,0.6094785451356949
149,0.38142221625550915,0.6076715505071142
150,0.4330284218917291,0.6058638038516034
151,0.48339587884046653,0.6040552963443178
152,0.5327827563261217,0.6022460191252246
153,0.581406084921453,0.6004359632986042
154,0.6294540118431003,0.5986251199325479
155,0.677094625717275,0.5968134800584481
156,0.7244826602118716,0.595001034670486
157,0.7717649065724592,0.5931877747251126
158,0.8190849049457276,0.5913736911405242
159,0.8665873506165672,0.5895587747961342
160,0.08476575320369334,0.6643763470100108
161,0.15030980655783008,0.6625882406027216
162,0.21142317179218034,0.6607996372779132
163,0.269236582196919,0.6590105290678108
164,0.32451199017149035,0.6572209079827225
165,0.3777956089372027,0.6554307660106564
166,0.4294985111820963,0.6536400951169332
167,0.47994285511917173,0.6518488872437952
168,0.529390237826855,0.6500571343100139
169,0.5780600935859671,0.6482648282104941
170,0.6261422543919054,0.6464719608158751
171,0.6738059627090245,0.6446785239721273
172,0.7212066912255962,0.6428845095001487
173,0.7684916242737745,0.6410899091953556
174,0.81580438402252,0.6392947148272706
175,0.8632894438344528,0.6374989181391086
176,0.0800231411335788,0.7117077888218724
177,0.14593049887423637,0.7099300302395029
178,0.20730862069512643,0.7081519795930005
179,0.2653228097580895,0.7063736293643091
180,0.3207544198265192,0.7045949720228233
181,0.37416145836890563,0.7028160000250597
182,0.42596259071265,0.7010367058143273
183,0.47648506858368955,0.6992570818203958
184,0.525994003569041,0.6974771204591619
185,0.5747112930030648,0.6956968141323145
186,0.6228284963482894,0.6939161552269985
187,0.6705160422715791,0.6921351361154756
188,0.7179301685333843,0.6903537491547851
189,0.7652184750375097,0.688571986686401
190,0.8125246869817762,0.6867898410358889
191,0.8599930771634191,0.6850073045125599
192,0.0752502986969221,0.7588380513411315
193,0.14152974630587214,0.7570653335553309
194,0.20317808773328763,0.7552925198789745
195,0.2613967420150638,0.7535196030113424
196,0.3169871976422237,0.7517465756474692
197,0.3705196447510182,0.7499734304778418
198,0.42242056475392037,0.7482001601880969
199,0.47302244015156336,0.7464267574587177
200,0.5225939861565667,0.7446532149647292
201,0.5713596239829409,0.7428795253753954
202,0.6195126841624455,0.7411056813539126
203,0.6672248144949909,0.739331675557104
204,0.7146530442031194,0.7375575006351134
205,0.7619454114219744,0.7357831492310976
206,0.8092457654271267,0.7340086139809185
207,0.856698199724604,0.732233887512833
208,0.07044642168261998,0.8059056816772553
209,0.13710707337915948,0.804132846114105
210,0.19903126350171355,0.802360108033698
211,0.25745816323577175,0.8005874601384235
212,0.31321016497829873,0.7988148951343793
213,0.36687004624905395,0.7970424057310698
214,0.4188723361854722,0.7952699846411069
215,0.4695548897691333,0.7934976245799089
216,0.5191901175095123,0.7917253182654007
217,0.5680050268585027,0.7899530584177146
218,0.6161947639635555,0.7881808377588909
219,0.6639322292737236,0.786408649012579
220,0.7113752702149008,0.7846364849037378
221,0.7586723859978856,0.7828643381583377
222,0.8059675710758668,0.7810922015030621
223,0.8534047608639926,0.7793200676650079
224,0.06561067222752556,0.8530473904081434
225,0.13266198871987064,0.8512692750541614
226,0.1948678300346467,0.8494914534032013
227,0.25350685264398265,0.8477139179467903
228,0.3094231600227237,0.8459366611884237
229,0.36321253893705313,0.8441596756432387
230,0.41531780645995076,0.8423829538376927
231,0.4660823363875066,0.8406064883092407
232,0.5157823288473043,0.8388302716060146
233,0.5646474414729634,0.8370542962865051
234,0.612874681550143,0.835278554919242
235,0.6606382362986647,0.8335030400824782
236,0.7080967984539299,0.8317277443638742
237,0.7553993513414952,0.8299526603601828
238,0.8026900557517332,0.8281777806769361
239,0.8501127101441959,0.8264030979281323
240,0.06074217679643462,0.9004020618800339
241,0.12819398428620676,0.8986133491028624
242,0.19068746045964655,0.8968251349794016
243,0.2495425842433178,0.8950374115587455
244,0.30562601769379916,0.8932501709112256
245,0.3595469967390714,0.8914634051280336
246,0.4117568755660425,0.8896771063208478
247,0.4626046979378871,0.8878912666214608
248,0.5123705506714766,0.8861058781814097
249,0.5612868071671925,0.8843209331716099
250,0.6095523823802768,0.8825364237819899
251,0.6573427850490512,0.8807523422211292
252,0.704817580703355,0.8789686807158987
253,0.7521262600277164,0.8771854315111023
254,0.7994131713777246,0.875402586869122
255,0.8468219973363199,0.8736201390695635
